   1        "u-t+i"   15   23.030565  36.705189  56.818832
   2           "sp"  340  2429.719238
   3        "k-h+i"   14   96.896065  81.086464  40.442036
   4         "ay-d"   72  141.805725 261.477570 591.333862
   5        "k-u+t"   16   24.875675  60.712357  45.010784
   6        "n-a+m"   14   14.189835  49.053814  29.359333
   7        "a-k+h"   14   72.295959  65.420944  83.360008
   8        "a-m+a"   13   58.565182 113.442657  51.832489
   9        "a-p+a"   14   29.766769  82.305153  51.530418
  10        "a-t+u"   14   21.380114  38.007465 105.033432
  11        "n-o+l"   14  108.394096 167.766022 268.328644
  12        "a-y+a"   28   98.516739 155.880615 353.443420
  13        "d-e+l"   14   43.688717  91.629883  89.324097
  14        "d-u+a"   14   21.013321  38.695518 160.130356
  15        "t-a+m"   26   40.141827  63.020267  65.470055
  16        "t-e+r"   14   62.102581  18.457214  16.896915
  17        "t-i+g"   14   19.752075  17.648058  28.775557
  18        "t-i+h"   15   42.042000  19.971716  28.419127
  19       "u-t+ny"   16   30.899639  22.744606  26.685268
  20       "s-l+ay"   72  549.655151 202.011627 161.582870
  21        "t-u+j"   14   76.896698  25.890623  43.124332
  22       "t-ny+a"   16  109.452553  85.135681 127.123383
  23          "a-m"   27   62.681618 196.121597 338.198303
  24          "a-n"   28   74.937309 100.673500 157.423187
  25          "a-r"   28   57.886459 132.045868  62.134346
  26          "a-t"   14   28.455265  46.472973 185.818802
  27        "j-u+h"   14   29.421848  41.069496  94.982796
  28          "b+e"   16   28.509846  16.215784  16.001284
  29        "m-b+i"   14   64.233253  87.719803 209.761993
  30          "d+e"   14   63.166752  30.365326  38.812836
  31          "d+u"   14  100.767097  21.839846  18.681412
  32          "e+m"   14   61.735008 203.266663  37.660828
  33          "e+n"   14   51.660202 105.257607 109.053101
  34          "g-a"   14   19.577642  33.287254  32.426579
  35          "h+i"   13   32.636482  31.637520  31.035072
  36          "i-h"   15   92.713425  90.872124 115.568489
  37          "i-r"   14   34.831017  26.961109  31.394718
  38          "k+e"   14  158.621719  44.565464 132.938553
  39          "k-e"   14   17.917500  15.476329  14.120597
  40          "l+a"   28  214.552612 226.919235  91.824402
  41          "l+i"   14   81.152954 136.330292  55.152504
  42          "m-a"   27   32.262344  34.493454  52.303699
  43          "n+o"   14   18.379099  44.425041  39.006607
  44          "o-l"   14   22.292130  42.917747  22.982801
  45          "p+e"   13   45.191345 118.292801  30.596285
  46          "p+u"   15   72.345673  86.710587  61.721733
  47        "m-p+a"   14  117.953178 155.636688  85.852478
  48          "s+a"   14   25.745598  19.347349 102.944946
  49          "s+e"   29   49.605560  66.149300 131.762787
  50          "s+l"   72  135.825119 120.426071 268.263062
  51          "t+e"   14   33.676888  40.587715 113.599831
  52          "t+i"   14   20.924393  31.134903  69.720627
  53          "t+u"   14   36.374977  22.479063  41.995373
  54          "t-u"   14   68.350845  71.220306 274.363007
  55          "sil"  200  3543.620117 2429.719238 1282.343628
  56          "u-a"   14  103.018623  94.819237  39.023693
  57          "u-h"   14   33.787960  31.229647 177.115646
  58       "u-m+ny"   15   74.390610  58.631462  30.104691
  59        "p-a+n"   14   36.114918  47.352177  38.006191
  60        "p-a+t"   14   37.419228  73.839722  22.717234
  61        "p-e+r"   13   55.089527  18.730526  21.515425
  62        "p-u+t"   15   53.238598  41.112431  35.021839
  63        "s-a+t"   14   25.454454  28.168650  19.755966
  64        "s-e+b"   15   15.288529  15.673259  28.852404
  65        "s-e+m"   14   50.017078  30.996080  46.656563
  66         "ny-a"   31   37.757988  41.313599  61.063725
  67        "i-g+a"   14   30.137894  26.006783  39.063583
  68        "i-k+u"   16  253.906265 115.065598  21.031271
  69        "i-l+a"   14  336.789551  50.554165  57.176636
  70        "i-m+a"   14  133.564667 115.871597  68.889023
  71        "i-t+a"   13   85.619102  21.528234  21.046686
  72        "l-a+n"   14   22.607775  22.398155  15.800298
  73        "l-a+p"   14   71.211372  60.342266  29.533367
  74        "l-a+y"   28   45.363434  47.136215  32.938869
  75       "l-ay+d"   72  179.001801 343.972107 296.764771
  76        "y-a+r"   28   77.207947  84.087395  47.902859
  77        "l-i+m"   14  112.527763  34.940849  81.845383
  78        "b-e+l"   15   38.399834  41.898209  95.004311
  79        "b-e+r"   16   19.010439  17.898294  28.356949
  80        "l-u+m"   15   44.855549 111.613052  29.331171
  81       "m-ny+a"   15   58.487762  94.527222 202.854034
  82        "b-i+l"   14   30.584383  38.200733 200.539200
  83        "e-b+e"   15  156.884613 123.187210 116.893204
  84        "r-a+k"   14   26.964956  48.346394  30.392654
  85        "e-l+a"   14  153.217285  37.411209  83.528877
  86        "e-l+u"   15   40.644035  17.711252  26.047966
  87        "e-m+b"   14   56.740105  24.566547  46.486080
  88        "e-m+p"   14  171.235382 172.099915 369.971252
  89        "e-n+a"   14   61.510948  84.282875  47.188892
  90        "r-i+k"   16  172.709366  38.225258  38.750221
  91        "e-r+a"   14   40.191875  16.209923  16.631325
  92        "e-r+i"   16   85.094490  60.174614  67.474373
  93        "e-r+t"   13   30.770695  63.047760 105.199432
  94        "r-t+a"   13   90.580711  69.963844  29.714876
  95        "h-i+r"   14   50.565182  47.433224  38.643021
  96        "h-i+t"   13   82.551476  46.462055  60.583912
  97        "u-j+u"   14   68.493782  35.000637 125.423523
