~o
<STREAMINFO> 1 39
<VECSIZE> 39<NULLD><MFCC_D_A_0><DIAGC>
~s "silst"
<MEAN> 39
 -1.757828e+01 5.227762e+00 -3.474708e+00 -6.047160e+00 -4.064621e+00 -1.437347e+00 -4.403938e+00 -2.835944e+00 -8.627924e+00 -6.524302e+00 -3.271214e+00 -4.525118e+00 6.389222e+01 -5.310729e-02 -6.829337e-02 1.248054e-03 9.391563e-02 2.172170e-02 1.269509e-02 2.402188e-02 5.773744e-02 -1.942895e-02 4.901408e-02 -7.558841e-02 -1.030167e-02 -3.336529e-02 -3.617032e-02 -2.757618e-02 2.065611e-02 -3.465030e-02 -4.743431e-03 -2.485257e-02 -3.518083e-02 -1.052614e-02 7.140456e-03 -6.964759e-02 -3.420364e-02 -1.440226e-02 7.642958e-02
<VARIANCE> 39
 4.141512e+00 4.876528e+00 7.742326e+00 1.165200e+01 1.038443e+01 8.038823e+00 8.389897e+00 1.025333e+01 1.226632e+01 8.493915e+00 8.884080e+00 7.486354e+00 2.313742e+00 2.241121e-01 4.113337e-01 6.156482e-01 6.848775e-01 8.438423e-01 7.619272e-01 8.226949e-01 9.444028e-01 1.069998e+00 9.020873e-01 9.648837e-01 7.850075e-01 1.199352e-01 5.363194e-02 9.150102e-02 1.143251e-01 1.621403e-01 1.709700e-01 1.608985e-01 1.660685e-01 1.991445e-01 2.233578e-01 1.662188e-01 2.045469e-01 1.550004e-01 4.319968e-02
<GCONST> 6.517692e+01
~h "a"
<BEGINHMM>
<NUMSTATES> 5
<STATE> 2
<MEAN> 39
 -1.285213e+01 2.989490e+00 -1.894997e+00 -2.366366e+00 -3.676063e-01 -4.557702e+00 -6.031668e+00 1.389265e-02 -8.877519e+00 -9.252396e+00 -5.455282e+00 -5.161463e+00 7.496408e+01 6.150148e-01 4.439818e-03 3.796273e-02 -2.591508e-01 3.131677e-01 -1.560437e-01 -6.058517e-01 3.269684e-01 4.054121e-01 -4.740073e-01 -9.002953e-01 -3.141891e-01 6.027470e-01 1.142947e-01 3.151440e-02 2.366700e-02 1.077378e-01 -2.165842e-01 -5.286362e-02 3.227015e-02 5.860730e-02 8.298088e-02 -1.435122e-03 3.783249e-02 -8.208349e-03 -7.244024e-02
<VARIANCE> 39
 7.751637e+01 6.153786e+01 4.075249e+01 5.040387e+01 6.151152e+01 5.030461e+01 2.814748e+01 3.750729e+01 3.818299e+01 4.253540e+01 3.111075e+01 2.297266e+01 9.435912e+01 4.382681e+00 4.817159e+00 2.709341e+00 3.353994e+00 4.859571e+00 3.552970e+00 2.701887e+00 3.453814e+00 2.751454e+00 4.053012e+00 3.339218e+00 3.029769e+00 5.410141e+00 7.082121e-01 8.243061e-01 4.856837e-01 5.758212e-01 7.542025e-01 5.699922e-01 4.605680e-01 5.579563e-01 3.768608e-01 7.259716e-01 6.214054e-01 5.331227e-01 5.943781e-01
<GCONST> 1.311024e+02
<STATE> 3
<MEAN> 39
 -8.749064e+00 4.225161e+00 -2.819472e+00 -4.729408e+00 -1.990016e+00 -5.512579e+00 -7.684175e+00 6.179399e-01 -6.715239e+00 -1.042855e+01 -6.090936e+00 -6.005504e+00 7.513665e+01 9.074666e-02 3.366196e-01 7.371334e-04 -2.541444e-01 -5.080655e-01 1.243107e-02 3.475944e-02 2.519175e-01 4.495199e-01 1.710790e-01 3.872383e-03 8.684874e-02 -5.229113e-02 4.984479e-02 -8.200611e-02 -1.080966e-01 6.866633e-02 -8.568414e-02 -2.199473e-01 1.218139e-01 8.700119e-02 -1.253324e-01 6.526954e-02 3.525325e-01 2.073153e-01 7.858339e-02
<VARIANCE> 39
 5.620174e+01 3.338905e+01 3.077955e+01 2.986282e+01 3.360430e+01 3.440059e+01 3.943187e+01 3.652092e+01 5.289892e+01 3.845425e+01 3.653849e+01 2.843632e+01 7.027303e+01 1.170529e+00 2.397403e+00 1.470332e+00 2.277623e+00 2.885002e+00 2.136345e+00 1.559437e+00 1.814922e+00 1.895177e+00 2.172105e+00 1.633718e+00 1.199499e+00 2.540147e+00 4.165021e-01 4.790372e-01 2.910255e-01 3.811145e-01 4.821283e-01 3.814506e-01 5.993658e-01 4.652531e-01 6.244696e-01 5.384802e-01 4.708045e-01 4.242704e-01 2.115504e-01
<GCONST> 1.162637e+02
<STATE> 4
<MEAN> 39
 -4.555218e+00 1.929563e+00 -2.914942e+00 -3.764037e+00 -3.239039e+00 -1.328947e+01 -9.165296e+00 5.913715e+00 -5.636735e+00 -1.233115e+01 -6.612081e+00 -6.243158e+00 8.163225e+01 2.836418e-01 -2.748896e-01 -1.438910e-01 -3.276951e-01 -7.995495e-01 -5.029249e-01 9.441081e-02 4.329546e-01 1.464943e-01 -1.800248e-02 3.865123e-01 3.411258e-01 1.709826e-01 4.799414e-02 -3.007089e-02 4.917129e-03 6.815505e-02 1.034622e-01 -2.336552e-02 4.408493e-02 3.129153e-02 -1.124861e-01 -2.075245e-02 3.277434e-02 -9.678199e-03 3.282835e-02
<VARIANCE> 39
 4.309015e+01 3.874806e+01 3.120626e+01 2.986312e+01 4.463749e+01 9.192246e+01 2.888074e+01 7.109626e+01 4.469220e+01 3.267011e+01 3.433305e+01 4.352923e+01 6.946764e+01 6.028497e-01 1.102785e+00 1.052140e+00 1.470870e+00 1.667713e+00 2.290431e+00 1.605322e+00 1.524667e+00 2.059654e+00 1.385656e+00 1.210759e+00 1.789135e+00 8.027483e-01 2.239935e-01 3.219145e-01 2.122519e-01 2.613197e-01 3.128054e-01 3.787064e-01 2.934721e-01 2.784227e-01 3.692673e-01 3.192190e-01 2.901445e-01 3.349008e-01 2.221927e-01
<GCONST> 1.084510e+02
<TRANSP> 5
 0.000000e+00 1.000000e+00 0.000000e+00 0.000000e+00 0.000000e+00
 0.000000e+00 6.362818e-01 3.637182e-01 0.000000e+00 0.000000e+00
 0.000000e+00 0.000000e+00 2.515811e-01 7.484189e-01 0.000000e+00
 0.000000e+00 0.000000e+00 0.000000e+00 6.127132e-01 3.872868e-01
 0.000000e+00 0.000000e+00 0.000000e+00 0.000000e+00 0.000000e+00
<ENDHMM>
~h "b"
<BEGINHMM>
<NUMSTATES> 5
<STATE> 2
<MEAN> 39
 -2.518751e+01 -1.442553e+00 1.028289e+01 -1.130017e+01 -2.851010e+00 -1.629605e+00 -6.468330e+00 -3.623060e+00 -1.326560e+01 -5.642631e+00 9.029895e-01 -4.177080e+00 8.814823e+01 2.316593e-01 -5.134858e-01 -1.376528e-01 6.310148e-01 6.434125e-01 -6.286834e-01 2.310839e-02 4.328285e-01 -1.955531e-01 -1.013481e+00 -4.072717e-01 -4.451838e-01 5.462757e-01 8.004941e-01 -4.856119e-02 -3.616146e-01 2.507330e-01 6.336486e-02 -2.225526e-01 -2.406632e-01 1.750204e-01 3.438264e-02 -3.451329e-01 -2.277852e-01 -9.124628e-02 -1.741451e-01
<VARIANCE> 39
 1.477938e+02 3.750786e+01 4.777854e+01 4.740368e+01 5.272590e+01 4.438606e+01 2.373404e+01 3.171855e+01 3.009777e+01 2.076992e+01 2.785889e+01 1.113540e+01 2.254526e+01 1.966590e+01 4.477145e+00 6.720125e+00 2.790298e+00 2.977237e+00 4.048106e+00 2.503350e+00 1.623169e+00 1.361626e+00 2.750374e+00 4.399254e+00 1.948964e+00 2.812095e+00 9.870008e-01 7.504309e-01 6.101986e-01 3.137725e-01 4.755524e-01 3.992180e-01 6.161527e-01 3.023296e-01 4.599327e-01 3.739645e-01 5.967896e-01 4.404072e-01 4.356221e-01
<GCONST> 1.242762e+02
<STATE> 3
<MEAN> 39
 -3.990297e+00 -6.961917e+00 -7.310665e-01 1.838214e-01 4.066754e+00 -1.514399e+01 -1.001355e+01 2.217986e+00 -1.574352e+01 -1.679241e+01 -1.998373e+00 -4.302978e+00 8.925153e+01 3.917919e-01 1.324777e-01 -1.147110e-01 -4.248891e-01 -2.092598e-01 5.522584e-02 -1.627005e-03 6.280615e-01 2.883059e-01 -2.106955e-01 -2.598674e-01 -1.020286e-01 -1.881462e-01 -1.583132e-01 2.821667e-01 1.991525e-01 -9.003677e-02 -2.152216e-01 4.298704e-01 1.224535e-01 -5.631111e-02 2.816114e-01 3.367397e-01 -4.122416e-02 6.360653e-02 -2.830225e-01
<VARIANCE> 39
 1.625052e+01 1.378989e+01 5.333944e+01 7.712869e+01 1.124183e+02 2.777776e+01 4.801762e+01 4.685394e+01 2.495393e+01 3.516466e+01 6.099214e+01 3.292203e+01 4.278368e+00 1.891811e+00 3.232490e+00 3.353798e+00 1.922764e+00 4.207025e+00 3.363932e+00 3.914551e+00 4.890067e+00 2.972299e+00 3.345346e+00 3.877493e+00 4.568129e+00 1.816037e+00 5.967267e-01 3.599392e-01 6.066191e-01 3.556179e-01 7.128578e-01 5.333669e-01 7.759544e-01 1.009084e+00 4.700174e-01 7.710840e-01 8.669838e-01 8.868015e-01 1.822756e-01
<GCONST> 1.247928e+02
<STATE> 4
<MEAN> 39
 -2.493075e+00 3.778485e+00 1.177526e+00 -4.374865e+00 3.052517e+00 -6.478585e+00 -1.476005e+01 1.216770e+00 -3.183320e+00 -1.433364e+01 -1.290691e+01 -1.036363e+01 8.316350e+01 -8.399165e-02 5.496672e-01 3.847531e-01 1.686575e-01 1.372112e-01 6.270742e-01 -2.867799e-01 -3.028972e-01 7.793679e-01 2.561247e-01 -1.613161e-01 1.407153e-01 -4.809569e-01 -5.090702e-02 -1.044951e-01 -9.311516e-02 -9.507538e-02 -9.395604e-02 2.768864e-02 1.365635e-01 -1.380054e-01 -1.124349e-01 -1.399075e-03 1.598549e-01 1.406429e-01 8.699480e-02
<VARIANCE> 39
 8.679141e+00 2.333953e+01 4.172641e+01 1.056851e+01 3.029840e+01 6.026131e+01 4.375195e+01 3.782945e+01 4.303507e+01 4.168710e+01 5.063465e+01 2.762475e+01 1.411286e+01 1.159563e+00 3.028554e+00 5.666965e+00 1.151413e+00 2.742817e+00 8.105047e+00 4.043257e+00 2.222403e+00 3.221412e+00 3.296899e+00 3.838505e+00 1.298172e+00 2.512166e+00 2.927277e-01 3.664058e-01 1.061611e+00 1.927466e-01 4.982979e-01 1.309093e+00 6.968892e-01 3.824551e-01 4.758296e-01 5.268865e-01 5.805020e-01 2.198342e-01 3.167930e-01
<GCONST> 1.185399e+02
<TRANSP> 5
 0.000000e+00 1.000000e+00 0.000000e+00 0.000000e+00 0.000000e+00
 0.000000e+00 8.191333e-01 1.808667e-01 0.000000e+00 0.000000e+00
 0.000000e+00 0.000000e+00 8.856199e-01 1.143801e-01 0.000000e+00
 0.000000e+00 0.000000e+00 0.000000e+00 9.054789e-01 9.452111e-02
 0.000000e+00 0.000000e+00 0.000000e+00 0.000000e+00 0.000000e+00
<ENDHMM>
~h "d"
<BEGINHMM>
<NUMSTATES> 5
<STATE> 2
<MEAN> 39
 -9.651733e+00 1.706286e+00 4.287949e+00 -5.552465e+00 -3.946855e+00 -7.989595e+00 -4.570439e+00 -1.958396e+00 -9.391733e+00 -8.814863e+00 -1.003774e+01 -9.495857e+00 8.199654e+01 4.123878e+00 3.752664e-01 -1.748113e+00 1.241215e+00 -1.238363e+00 -3.632296e+00 -8.888111e-01 1.500208e+00 3.911356e-01 -1.196176e+00 -9.761986e-01 -2.382396e+00 1.655368e+00 -1.089090e+00 -9.134697e-01 -4.032926e-01 -2.526456e-01 -1.862826e-01 -8.302988e-02 -1.235465e-02 -8.576705e-03 -4.176500e-01 3.293430e-01 8.809018e-01 3.622133e-01 7.185816e-01
<VARIANCE> 39
 4.208197e+01 1.855421e+01 1.717611e+01 4.127045e+01 5.025148e+01 4.050001e+01 3.292114e+01 2.721931e+01 1.833416e+01 1.533915e+01 2.465821e+01 1.595243e+01 3.713076e+01 1.797117e+01 7.031208e+00 3.442108e+00 2.927252e+00 2.239641e+00 4.879079e+00 2.697952e+00 3.580154e+00 2.147947e+00 2.738301e+00 2.755993e+00 1.895841e+00 3.344373e+00 9.701106e-01 4.375123e-01 2.901124e-01 2.746430e-01 4.891001e-01 5.232657e-01 5.426120e-01 5.117247e-01 2.927463e-01 2.104744e-01 4.054945e-01 4.445093e-01 2.516818e-01
<GCONST> 1.190761e+02
<STATE> 3
<MEAN> 39
 -2.700796e+00 -3.095156e+00 -5.833389e+00 -4.738757e+00 -1.152307e+01 -1.744990e+01 -2.695178e+00 2.381610e+00 -1.033178e+01 -8.990732e+00 -6.160465e+00 -1.054349e+01 8.868420e+01 4.227537e-01 -1.708955e+00 -2.257101e+00 -1.053377e-01 -8.796235e-01 -2.723072e-01 9.720187e-01 -1.302360e-01 2.720611e-02 1.134502e-01 1.211977e+00 1.525626e+00 1.246831e+00 -4.355380e-01 -2.942376e-01 2.566843e-01 -2.054351e-01 4.336951e-01 8.609412e-01 1.319036e-01 -5.580869e-01 -2.141684e-01 1.542583e-01 1.912691e-01 6.508332e-01 -2.093700e-01
<VARIANCE> 39
 4.148331e+01 1.568131e+01 4.035231e+01 1.082303e+01 5.815802e+01 4.506032e+01 2.824714e+01 2.456062e+01 1.714356e+01 1.629224e+01 2.625857e+01 2.467958e+01 6.492517e+00 2.719868e+00 2.186927e+00 2.243901e+00 1.915905e+00 2.032146e+00 4.876561e+00 2.884199e+00 3.410391e+00 1.337444e+00 1.482122e+00 1.624401e+00 3.056763e+00 2.131347e+00 9.453098e-01 5.305570e-01 2.743788e-01 3.808398e-01 4.024274e-01 5.866192e-01 7.697528e-01 4.432229e-01 4.161868e-01 3.732605e-01 4.510332e-01 6.271942e-01 9.448171e-02
<GCONST> 1.125373e+02
<STATE> 4
<MEAN> 39
 -3.477388e+00 -9.753690e+00 -9.925762e+00 -3.550316e+00 -2.978725e+00 -1.517590e+01 -6.322913e+00 -4.308029e+00 -1.869601e+01 -7.858160e+00 2.814201e+00 -2.689068e+00 9.118496e+01 -5.469832e-01 1.207538e-01 9.446452e-01 7.514864e-01 2.772902e+00 -7.166605e-02 -1.926146e+00 -7.494297e-01 -1.602164e+00 -6.976970e-02 1.194040e+00 1.323616e-01 -1.478930e-01 1.730153e-02 5.363761e-01 3.069763e-01 3.360155e-02 1.548999e-02 3.193788e-03 -5.117649e-02 2.428739e-01 2.789584e-01 -1.461271e-01 -2.033950e-01 -1.654959e-01 -4.012839e-01
<VARIANCE> 39
 2.908805e+01 6.696320e+00 4.760807e+01 1.713863e+01 1.179947e+02 3.508694e+01 8.296118e+01 2.654374e+01 6.188190e+01 2.210849e+01 4.195794e+01 2.359288e+01 2.497114e+00 6.952143e-01 2.227924e+00 2.599582e+00 1.413787e+00 4.348547e+00 4.137479e+00 4.705250e+00 2.327922e+00 4.820888e+00 2.235930e+00 2.917433e+00 2.155273e+00 2.114929e+00 4.807359e-01 1.575605e-01 4.678925e-01 3.196363e-01 1.377051e+00 8.730394e-01 1.535586e+00 4.375978e-01 1.094654e+00 5.509768e-01 5.388261e-01 6.627024e-01 2.694201e-01
<GCONST> 1.191603e+02
<TRANSP> 5
 0.000000e+00 1.000000e+00 0.000000e+00 0.000000e+00 0.000000e+00
 0.000000e+00 5.536962e-01 4.463038e-01 0.000000e+00 0.000000e+00
 0.000000e+00 0.000000e+00 7.470873e-01 2.529127e-01 0.000000e+00
 0.000000e+00 0.000000e+00 0.000000e+00 8.326418e-01 1.673582e-01
 0.000000e+00 0.000000e+00 0.000000e+00 0.000000e+00 0.000000e+00
<ENDHMM>
~h "e"
<BEGINHMM>
<NUMSTATES> 5
<STATE> 2
<MEAN> 39
 -1.384351e+01 -5.363155e-01 6.620377e-03 -6.998692e+00 -6.214148e+00 -6.638124e+00 -3.580378e+00 -2.486939e+00 -1.221473e+01 -7.910934e+00 -4.855952e+00 -3.475706e+00 8.358028e+01 6.316052e-01 8.200831e-02 2.277133e-02 1.018032e-01 -1.112121e-01 -7.485803e-02 1.135700e-01 3.395500e-01 1.273744e-01 -3.314928e-01 -3.876610e-01 -2.012441e-01 3.956054e-01 2.244057e-01 -2.089151e-02 -9.059575e-02 1.130721e-01 5.830092e-02 -1.191563e-01 -3.136413e-02 1.149723e-01 -4.952604e-02 -1.929162e-01 -4.937005e-02 -8.777605e-02 3.137643e-02
<VARIANCE> 39
 1.074583e+02 3.731644e+01 7.866055e+01 5.008823e+01 4.469828e+01 5.341442e+01 4.170690e+01 4.453321e+01 3.000074e+01 2.023299e+01 2.273549e+01 1.834291e+01 7.530282e+01 1.088895e+01 2.709639e+00 6.643198e+00 4.234998e+00 3.148224e+00 5.698996e+00 2.756705e+00 2.917375e+00 2.815885e+00 3.315985e+00 2.796901e+00 1.930238e+00 4.689157e+00 2.010787e+00 5.035538e-01 1.028280e+00 8.070874e-01 6.395288e-01 9.197377e-01 6.157119e-01 4.389129e-01 5.490096e-01 6.208950e-01 5.108732e-01 3.882732e-01 7.343613e-01
<GCONST> 1.324639e+02
<STATE> 3
<MEAN> 39
 -6.473796e+00 -1.157543e+00 2.829816e+00 3.102584e+00 7.834668e+00 -7.286185e+00 -1.152000e+01 2.162875e-01 -1.321811e+01 -1.668801e+01 -5.951473e+00 -6.481583e+00 8.351307e+01 1.185031e+00 2.988521e-01 -6.263393e-02 4.292931e-01 1.521601e-01 3.231484e-01 -6.813004e-01 1.645757e-01 9.255316e-01 -7.467803e-01 -8.563354e-01 -4.572617e-01 3.185727e-01 -5.480788e-01 -8.546592e-02 1.173958e-01 -2.210567e-01 -2.404718e-01 5.827169e-02 -1.164595e-01 2.079591e-02 2.898681e-01 2.827315e-01 6.225514e-02 -6.065279e-02 -3.175616e-02
<VARIANCE> 39
 1.674518e+01 3.602775e+01 4.543289e+01 5.517421e+01 8.688839e+01 8.592947e+01 6.681731e+01 5.414068e+01 7.604829e+01 6.087920e+01 4.880296e+01 3.191620e+01 3.379516e+01 7.303716e+00 3.047116e+00 4.683673e+00 2.964456e+00 5.929286e+00 6.621126e+00 8.792568e+00 3.595224e+00 5.570360e+00 6.184536e+00 4.556839e+00 4.457889e+00 3.368303e+00 9.576116e-01 5.583142e-01 8.449486e-01 3.993754e-01 6.231046e-01 8.636314e-01 1.285121e+00 6.334308e-01 8.707640e-01 9.128975e-01 9.263184e-01 6.370023e-01 5.687833e-01
<GCONST> 1.390926e+02
<STATE> 4
<MEAN> 39
 -4.977638e+00 3.700936e+00 2.404579e+00 -8.000256e-01 -5.070691e-02 -5.700561e+00 -1.101313e+01 2.370259e+00 -4.569271e+00 -1.608952e+01 -1.264578e+01 -9.326238e+00 8.012459e+01 -2.038411e-01 1.067203e-01 -9.663909e-02 -1.789633e-01 -2.753831e-01 -5.234127e-03 5.620695e-02 2.712761e-01 1.609364e-01 2.467480e-01 2.661747e-01 -9.613423e-02 -2.178791e-01 -1.862244e-01 -4.698504e-02 -1.794384e-02 -3.147297e-02 1.478920e-03 -4.809296e-02 1.561739e-01 -7.401932e-02 -2.643009e-01 8.282155e-02 2.732317e-01 2.004786e-01 -1.059708e-02
<VARIANCE> 39
 1.151398e+01 1.944703e+01 2.930639e+01 2.484311e+01 3.491266e+01 9.881789e+01 4.169318e+01 4.781543e+01 6.977079e+01 6.176005e+01 3.234280e+01 2.765794e+01 3.037167e+01 2.463057e+00 1.775520e+00 2.177342e+00 1.867084e+00 2.578746e+00 4.168607e+00 2.926147e+00 2.610151e+00 2.339909e+00 2.745028e+00 1.912059e+00 1.745051e+00 2.048327e+00 2.298574e-01 2.822136e-01 2.421981e-01 1.975858e-01 3.890289e-01 6.562283e-01 5.249461e-01 3.009047e-01 3.343191e-01 5.524551e-01 3.279747e-01 2.848782e-01 1.565675e-01
<GCONST> 1.141693e+02
<TRANSP> 5
 0.000000e+00 1.000000e+00 0.000000e+00 0.000000e+00 0.000000e+00
 0.000000e+00 8.565574e-01 1.434426e-01 0.000000e+00 0.000000e+00
 0.000000e+00 0.000000e+00 6.592479e-01 3.407522e-01 0.000000e+00
 0.000000e+00 0.000000e+00 0.000000e+00 7.987449e-01 2.012551e-01
 0.000000e+00 0.000000e+00 0.000000e+00 0.000000e+00 0.000000e+00
<ENDHMM>
~h "g"
<BEGINHMM>
<NUMSTATES> 5
<STATE> 2
<MEAN> 39
 -7.113310e+00 6.654188e+00 -3.907475e+00 -3.484452e+00 -5.538596e+00 -6.911172e+00 -7.220723e+00 -4.120194e+00 -1.397391e+01 -1.163856e+01 -4.223781e+00 -8.399872e-01 6.981386e+01 -2.931355e-01 7.821764e-01 -5.877054e-01 -4.692129e-01 -1.457355e-02 3.446535e-01 -8.433362e-01 3.649082e-01 -3.998579e-02 -7.590697e-01 9.924685e-01 9.531610e-01 -9.015417e-01 3.981194e-02 -1.297891e-01 1.002555e-01 -9.990440e-02 -1.625607e-01 -2.038228e-01 4.607717e-02 -4.056461e-01 1.172816e-01 5.919318e-01 3.125890e-01 1.831017e-01 1.695919e-01
<VARIANCE> 39
 9.349501e-01 2.556379e+00 1.747676e+00 4.308595e+00 1.532222e+00 6.048650e+00 5.250212e+00 5.030385e+00 4.368222e+00 4.844949e+00 6.267130e+00 4.436011e+00 1.369183e+00 1.069705e-01 9.628530e-02 1.446674e-01 5.577657e-01 1.501935e+00 3.576723e-01 8.076447e-01 4.997002e-01 5.475120e-01 1.075691e+00 5.664408e-01 4.588658e-01 1.168107e-01 2.302975e-02 9.745548e-03 2.313645e-02 9.567649e-02 1.531169e-01 2.974464e-02 5.377576e-02 2.583858e-02 5.332520e-02 2.316180e-01 1.303944e-01 1.856128e-01 9.646123e-03
<GCONST> 3.487180e+01
<STATE> 3
<MEAN> 39
 -9.764185e+00 9.389994e+00 -3.145281e+00 -3.782975e+00 -5.323598e+00 -5.701497e+00 -8.093930e+00 -5.261505e+00 -1.302939e+01 -9.430861e+00 -1.221570e+00 5.618735e-01 6.698665e+01 -4.150847e-01 4.011602e-02 2.421039e-01 1.278655e-01 1.740491e-01 2.038605e-01 1.565884e-01 -2.421833e-01 -3.805932e-02 1.515833e-01 -3.725731e-03 -1.252743e-01 -3.170040e-01 -2.288252e-02 -9.461036e-02 1.180089e-02 1.695141e-02 9.988772e-03 1.202083e-02 1.034397e-01 3.782047e-02 3.024982e-02 1.677668e-02 -5.731769e-02 -7.980285e-02 2.637381e-02
<VARIANCE> 39
 2.222055e+00 1.301961e+00 5.142713e+00 5.987906e+00 6.785137e+00 1.285124e+01 1.226114e+01 1.430414e+01 1.104821e+01 6.052232e+00 6.932040e+00 6.638155e+00 1.006641e+00 4.952154e-02 1.257573e-01 2.781371e-01 4.116401e-01 5.110822e-01 8.273395e-01 7.772173e-01 3.732083e-01 7.331589e-01 5.875085e-01 1.135037e+00 8.116897e-01 2.070046e-02 1.286822e-02 1.136066e-02 5.863291e-02 1.113466e-01 1.439605e-01 1.966853e-01 1.499898e-01 9.041952e-02 1.903757e-01 1.087422e-01 2.877531e-01 1.789433e-01 4.113019e-03
<GCONST> 4.562959e+01
<STATE> 4
<MEAN> 39
 -1.578684e+01 6.922012e+00 -2.088089e+00 -3.987498e+00 -2.890104e+00 -3.037441e+00 -6.684215e+00 -3.627421e+00 -9.668193e+00 -6.246290e+00 -1.762068e+00 -2.878299e+00 6.408489e+01 -2.817968e-01 -1.865694e-01 -7.412764e-02 -7.326704e-02 5.030331e-02 1.708252e-01 1.411155e-01 2.146774e-01 2.369172e-01 2.289901e-01 -8.819448e-02 -2.082246e-01 -9.294339e-02 5.659814e-02 1.598914e-02 1.447277e-02 -5.012827e-03 -1.521048e-02 -2.093078e-02 -5.006408e-02 -4.763041e-03 -7.816916e-03 -2.803499e-02 -6.154269e-02 -9.498725e-03 3.822358e-02
<VARIANCE> 39
 3.935144e+00 2.250063e+00 3.773908e+00 8.251009e+00 6.900319e+00 4.715950e+00 7.486391e+00 9.435283e+00 1.493644e+01 5.927260e+00 5.916040e+00 8.204916e+00 1.202438e+00 1.294139e-01 1.674158e-01 2.937021e-01 6.235310e-01 7.552485e-01 4.704788e-01 5.246149e-01 8.566816e-01 1.063007e+00 5.278015e-01 3.916267e-01 5.448965e-01 7.520583e-02 3.219666e-02 4.072889e-02 5.903257e-02 1.470279e-01 1.585065e-01 7.371417e-02 1.052628e-01 1.959634e-01 1.940974e-01 9.820638e-02 8.246005e-02 1.121308e-01 1.709768e-02
<GCONST> 4.908604e+01
<TRANSP> 5
 0.000000e+00 1.000000e+00 0.000000e+00 0.000000e+00 0.000000e+00
 0.000000e+00 5.771755e-01 4.228245e-01 0.000000e+00 0.000000e+00
 0.000000e+00 0.000000e+00 9.120925e-01 8.790751e-02 0.000000e+00
 0.000000e+00 0.000000e+00 0.000000e+00 9.409407e-01 5.905925e-02
 0.000000e+00 0.000000e+00 0.000000e+00 0.000000e+00 0.000000e+00
<ENDHMM>
~h "h"
<BEGINHMM>
<NUMSTATES> 5
<STATE> 2
<MEAN> 39
 -8.262011e+00 4.179588e+00 -3.998309e-02 1.111883e+00 4.344453e+00 -3.416141e+00 -7.962904e+00 -1.701098e+00 -9.432394e+00 -8.393459e+00 -4.100304e+00 -6.834507e+00 7.384501e+01 -4.822927e-01 1.177597e+00 -1.112882e+00 -1.002988e+00 -1.434868e+00 3.357902e-01 6.043413e-01 -5.433185e-01 4.574915e-01 -1.429102e-01 -1.248301e+00 -2.257966e-01 -1.815692e+00 -1.267920e-01 -4.140312e-01 1.159239e-01 4.610289e-02 3.679279e-01 -5.362816e-01 -2.626961e-01 -4.432527e-01 -5.980200e-01 -1.352202e-01 -1.269467e-01 -1.579812e-01 4.777346e-01
<VARIANCE> 39
 1.220421e+01 3.773716e+01 4.719587e+01 5.727699e+01 3.136820e+01 1.589975e+01 3.998063e+01 1.735415e+01 2.502304e+01 2.423871e+01 2.108827e+01 1.732060e+01 1.926778e+01 1.160649e+00 1.800966e+00 1.637158e+00 1.165328e+00 3.454757e+00 2.740496e+00 4.474771e+00 3.045291e+00 3.088827e+00 1.597704e+00 2.476903e+00 1.082588e+00 1.808479e+00 1.281830e-01 5.432230e-01 4.102683e-01 3.835611e-01 4.229577e-01 6.614637e-01 5.497809e-01 3.147596e-01 4.237000e-01 4.082250e-01 4.711202e-01 2.428157e-01 2.240374e-01
<GCONST> 1.101910e+02
<STATE> 3
<MEAN> 39
 -1.015930e+01 3.111781e+00 -1.299273e+00 2.890900e+00 3.358418e+00 -4.313982e+00 -8.724584e+00 -7.401844e+00 -1.126758e+01 -7.579228e+00 -4.806282e+00 -8.039952e+00 7.092635e+01 -2.896473e-01 8.610370e-01 -2.043136e-01 -2.044281e-01 -2.825347e-01 4.975744e-01 5.809883e-01 -4.408057e-01 -5.271908e-01 -1.917261e-01 -4.621717e-01 -1.278994e-01 -1.047485e+00 -2.438065e-01 -2.818676e-01 3.962115e-01 4.897853e-02 2.368823e-01 3.058593e-01 -3.700519e-02 2.299134e-01 2.445784e-01 -1.081153e-01 1.112792e-01 2.218105e-03 3.492921e-01
<VARIANCE> 39
 1.950323e+00 3.211802e+01 2.322955e+01 7.407587e+01 4.798533e+01 2.886027e+01 5.717560e+01 1.263409e+01 2.416549e+01 2.097486e+01 2.973978e+01 5.977386e+00 1.155705e+01 6.436155e-01 1.890619e+00 8.015260e-01 1.344539e+00 2.021950e+00 7.133580e-01 1.087694e+00 1.272717e+00 1.331088e+00 7.092205e-01 1.913248e+00 6.764812e-01 1.261508e-01 2.729209e-01 5.438304e-01 1.107930e-01 3.495767e-01 5.103187e-01 3.172995e-01 8.397756e-01 3.422455e-01 3.726261e-01 1.895908e-01 3.914018e-01 1.349501e-01 3.229294e-01
<GCONST> 9.508214e+01
<STATE> 4
<MEAN> 39
 -1.212198e+01 7.786079e+00 -1.548944e+00 1.030984e+00 1.326201e+00 -1.414497e+00 -7.258534e+00 -6.907951e+00 -9.441096e+00 -6.402365e+00 -3.710381e+00 -7.033094e+00 6.666888e+01 -5.639885e-01 2.371823e-01 2.026660e-01 -3.431849e-01 -3.051649e-01 2.822863e-01 3.250317e-01 1.523857e-01 3.627811e-01 -3.058481e-01 -4.602815e-01 1.183494e-01 -3.409925e-01 -1.536338e-01 -4.192047e-01 1.155764e-01 -5.375741e-02 -5.475650e-02 -3.331424e-02 -8.508344e-02 4.844268e-02 1.096619e-01 1.563440e-02 4.491793e-02 4.210751e-02 3.616077e-01
<VARIANCE> 39
 4.809824e+00 1.068296e+01 7.617316e+00 3.021398e+01 1.253481e+01 9.281224e+00 1.802705e+01 1.102905e+01 1.332075e+01 2.031771e+01 1.973073e+01 1.336555e+01 7.548574e+00 5.353526e-01 1.587919e+00 3.023545e-01 1.227407e+00 1.325291e+00 1.243650e+00 1.490031e+00 8.768446e-01 9.211353e-01 1.321047e+00 2.154329e+00 9.409454e-01 3.737289e-01 2.213871e-01 2.502881e-01 1.045224e-01 1.646637e-01 2.330398e-01 1.058054e-01 4.269455e-01 2.163170e-01 1.816906e-01 2.127474e-01 2.423749e-01 1.802421e-01 3.330717e-01
<GCONST> 8.331006e+01
<TRANSP> 5
 0.000000e+00 1.000000e+00 0.000000e+00 0.000000e+00 0.000000e+00
 0.000000e+00 5.253869e-01 4.746130e-01 0.000000e+00 0.000000e+00
 0.000000e+00 0.000000e+00 4.296710e-01 5.703291e-01 0.000000e+00
 0.000000e+00 0.000000e+00 0.000000e+00 6.627014e-01 3.372986e-01
 0.000000e+00 0.000000e+00 0.000000e+00 0.000000e+00 0.000000e+00
<ENDHMM>
~h "i"
<BEGINHMM>
<NUMSTATES> 5
<STATE> 2
<MEAN> 39
 -9.355077e+00 3.053643e+00 -8.146500e-02 3.748002e+00 5.562568e+00 -5.348768e+00 -1.088497e+01 -6.214332e+00 -1.314061e+01 -8.868442e+00 -1.962684e+00 -6.585417e+00 7.239323e+01 -2.362653e-01 1.400964e-01 -4.140471e-01 -2.149981e-01 -8.652153e-01 8.646049e-01 -2.565422e-01 -7.926506e-01 -8.065112e-02 -6.072497e-02 1.393092e-01 3.180329e-01 -8.318798e-01 -9.284076e-02 -5.410675e-02 3.334468e-02 -2.422689e-01 4.703394e-02 -4.857356e-01 3.156085e-01 4.417793e-01 -3.746217e-02 -3.425012e-03 -2.924634e-02 -1.695140e-02 4.148305e-01
<VARIANCE> 39
 2.804813e+01 2.013994e+01 1.337416e+01 5.736971e+01 7.226819e+01 2.413817e+01 4.544382e+01 3.771114e+01 2.818506e+01 1.764561e+01 2.651002e+01 1.734558e+01 1.195599e+01 9.010975e-01 1.632386e+00 1.914744e+00 1.450879e+00 1.585484e+00 1.311928e+00 4.292855e+00 9.668559e-01 1.177607e+00 1.034443e+00 1.925973e+00 9.194533e-01 2.232912e+00 3.595831e-01 3.835867e-01 3.527906e-01 3.637059e-01 3.716027e-01 3.769003e-01 3.567088e-01 2.668925e-01 3.430137e-01 2.746902e-01 3.083251e-01 2.089108e-01 4.662918e-01
<GCONST> 1.053048e+02
<STATE> 3
<MEAN> 39
 -1.182068e+01 2.589034e+00 1.033756e+00 -2.205121e-01 2.901635e+00 -3.359477e+00 -8.331463e+00 -6.226092e+00 -1.133651e+01 -1.004215e+01 -4.017192e+00 -4.906878e+00 7.224039e+01 -4.976741e-01 -1.934809e-01 -4.261824e-01 -1.006651e+00 -9.730238e-01 4.715560e-02 8.022692e-01 7.134233e-01 2.765044e-01 -1.555493e-01 4.620862e-01 3.520492e-01 4.735405e-01 2.016024e-01 1.857749e-01 -3.237280e-01 -2.792144e-01 -4.092172e-01 -7.135357e-01 1.850684e-01 6.651392e-01 7.972225e-02 9.016871e-02 1.681692e-01 -3.455848e-02 3.907300e-01
<VARIANCE> 39
 3.564275e+01 2.542840e+01 1.614351e+01 4.953353e+01 4.532216e+01 2.976094e+01 3.429276e+01 3.987144e+01 2.662377e+01 2.412243e+01 2.079399e+01 1.999384e+01 1.214495e+01 1.055819e+00 3.773887e+00 1.421921e+00 3.094874e+00 2.316200e+00 1.054611e+00 2.915082e+00 1.422995e+00 1.838087e+00 1.895338e+00 1.892812e+00 1.308623e+00 5.358086e+00 6.960521e-01 2.654653e-01 1.665885e-01 9.686906e-01 8.310431e-01 7.875857e-01 7.001100e-01 3.686263e-01 3.169867e-01 2.919289e-01 2.655625e-01 2.530111e-01 6.901783e-01
<GCONST> 1.128619e+02
<STATE> 4
<MEAN> 39
 -1.072723e+01 3.970851e+00 -5.679542e-01 -2.269771e+00 -4.822111e-01 -3.982412e+00 -7.095894e+00 -2.525735e+00 -1.003814e+01 -9.409379e+00 -2.279777e+00 -3.948360e+00 7.220179e+01 4.496853e-02 2.934415e-01 -9.874703e-01 -4.557584e-01 -1.134972e+00 -1.249113e+00 8.891217e-01 7.853984e-01 -1.288429e-01 1.037913e-01 2.127565e-01 4.164558e-01 1.572426e-01 1.338940e-01 1.022008e-01 -5.609541e-02 -3.393627e-02 -8.759334e-02 -2.990699e-01 7.908730e-02 1.773368e-01 -3.637270e-02 1.811924e-02 -1.366359e-01 -2.136411e-01 1.307992e-01
<VARIANCE> 39
 2.943801e+01 2.883958e+01 1.331519e+01 3.724962e+01 2.745123e+01 1.402338e+01 2.563724e+01 3.138844e+01 2.010778e+01 1.705507e+01 1.910899e+01 3.498206e+01 2.470923e+01 2.840101e+00 3.322834e+00 1.053788e+00 6.591851e+00 3.991926e+00 4.065979e+00 3.094914e+00 2.849973e+00 1.649035e+00 2.344254e+00 1.222353e+00 2.197631e+00 5.730008e+00 5.142870e-01 1.097677e-01 1.711724e-01 7.925332e-01 2.535064e-01 6.118568e-01 5.602081e-01 2.400611e-01 1.865019e-01 3.319647e-01 2.832552e-01 2.969675e-01 4.122244e-01
<GCONST> 1.111684e+02
<TRANSP> 5
 0.000000e+00 1.000000e+00 0.000000e+00 0.000000e+00 0.000000e+00
 0.000000e+00 3.452414e-01 6.547586e-01 0.000000e+00 0.000000e+00
 0.000000e+00 0.000000e+00 1.549774e-01 8.450226e-01 0.000000e+00
 0.000000e+00 0.000000e+00 0.000000e+00 2.782877e-01 7.217124e-01
 0.000000e+00 0.000000e+00 0.000000e+00 0.000000e+00 0.000000e+00
<ENDHMM>
~h "j"
<BEGINHMM>
<NUMSTATES> 5
<STATE> 2
<MEAN> 39
 -2.131882e+01 8.921847e+00 -4.474254e+00 -7.085484e+00 -2.483412e+00 -7.434835e-01 1.783160e+00 1.615284e+00 -1.135383e+01 -6.378434e+00 -5.706145e+00 -5.684159e+00 6.940960e+01 -2.865075e+00 1.013707e-01 3.143546e+00 -2.329943e+00 2.047666e+00 3.010800e-01 -6.320418e-01 -3.134471e-01 -7.763805e-01 -4.738893e-01 -9.118925e-01 3.490896e-01 2.482902e+00 5.323054e-01 -7.757786e-01 6.494287e-01 1.608013e-02 -2.683473e-02 2.006221e-01 -5.374538e-01 -1.202696e-01 6.238870e-01 -2.195747e-01 -2.970875e-03 9.438068e-02 -1.779898e-01
<VARIANCE> 39
 4.626123e+01 6.486511e+01 2.980341e+01 1.574201e+01 2.333016e+01 6.790739e+01 1.296819e+01 5.918019e+00 1.021502e+01 1.052142e+01 8.818908e+00 7.942225e+00 6.034441e+01 9.424616e+00 3.634605e+00 5.384557e+00 1.408413e+00 1.563055e+00 7.581932e-01 7.676638e-01 4.610482e-01 2.253365e+00 2.525218e+00 2.926502e-01 2.055374e+00 1.001785e+00 1.674621e+00 5.558898e-01 8.298002e-01 6.264792e-01 7.404705e-01 3.833595e-01 6.917446e-01 1.433544e-01 1.691592e-01 3.183531e-01 2.094150e-01 3.739426e-01 6.535019e-01
<GCONST> 1.063028e+02
<STATE> 3
<MEAN> 39
 -2.265422e+01 4.051923e+00 2.522027e+00 -1.428092e+01 -3.348949e+00 3.185339e-01 9.737240e-01 9.036804e-01 -6.113284e+00 -9.275991e+00 -7.069639e+00 -4.751387e+00 7.036597e+01 9.428406e-01 -8.120860e-01 -2.367694e-01 1.341156e+00 -4.931023e-01 -5.926434e-01 -2.081032e-02 -3.209073e-01 -5.120450e-01 1.078054e-01 3.583304e-01 8.553883e-02 4.008758e-01 3.299246e-01 -6.337909e-02 -2.810362e-01 5.881460e-01 1.508129e-01 -5.856320e-02 -1.510564e-01 -8.999780e-02 -5.403393e-01 -1.578011e-03 8.981999e-03 -1.012612e-02 2.389552e-01
<VARIANCE> 39
 5.361868e+01 1.130129e+01 4.149335e+01 6.298876e+01 3.180706e+01 1.668383e+01 1.683718e+01 1.172578e+01 3.021564e+01 1.051842e+01 1.068042e+01 1.155265e+01 4.454690e+01 6.938146e+00 3.280138e+00 5.597867e+00 5.066446e+00 2.683019e+00 1.274303e+00 1.454866e+00 2.268937e+00 6.159158e+00 2.049325e+00 1.343512e+00 1.212694e+00 6.802576e+00 1.769758e+00 4.357480e-01 1.610710e+00 6.489248e-01 1.314921e+00 3.075795e-01 4.128098e-01 4.591790e-01 1.150112e+00 3.591982e-01 2.424085e-01 3.974855e-01 1.710865e+00
<GCONST> 1.202491e+02
<STATE> 4
<MEAN> 39
 -7.636610e+00 -2.443598e+00 1.108507e+00 1.255665e+00 8.602762e+00 -5.767251e+00 -6.255596e+00 -2.747657e+00 -1.944327e+01 -1.948584e+01 -8.894070e+00 -2.114017e+00 8.290115e+01 1.802238e+00 -4.043778e-01 5.732897e-02 9.186633e-01 2.704722e+00 2.757908e-02 -1.980272e+00 -1.561306e-01 -5.409364e-01 -1.784476e+00 -1.367107e-01 3.340687e-01 1.229039e+00 -5.036090e-01 3.348854e-01 1.225052e-01 -1.918346e-01 -3.446916e-02 5.551106e-02 -1.137328e-01 1.955875e-01 7.171296e-01 6.277328e-01 4.608126e-01 -1.864164e-01 -4.944415e-01
<VARIANCE> 39
 6.972231e+01 8.968323e+00 1.595349e+01 1.572448e+01 4.859468e+01 3.207537e+01 2.694363e+01 1.411546e+01 1.880519e+01 1.101620e+02 1.818455e+01 5.951211e+00 1.175229e+01 9.396270e+00 1.112362e+00 2.669764e+00 2.259192e+00 3.605717e+00 1.693951e+00 9.130895e-01 1.586802e+00 5.134022e+00 1.653136e+01 4.824128e+00 1.159552e+00 3.284268e+00 2.140372e+00 4.635126e-01 8.096349e-01 4.175021e-01 9.283231e-01 3.296542e-01 1.187324e-01 3.931566e-01 6.345543e-01 3.935200e+00 9.196295e-01 2.830434e-01 4.620360e-01
<GCONST> 1.188493e+02
<TRANSP> 5
 0.000000e+00 1.000000e+00 0.000000e+00 0.000000e+00 0.000000e+00
 0.000000e+00 5.000092e-01 4.999908e-01 0.000000e+00 0.000000e+00
 0.000000e+00 0.000000e+00 8.325453e-01 1.674547e-01 0.000000e+00
 0.000000e+00 0.000000e+00 0.000000e+00 8.532357e-01 1.467643e-01
 0.000000e+00 0.000000e+00 0.000000e+00 0.000000e+00 0.000000e+00
<ENDHMM>
~h "k"
<BEGINHMM>
<NUMSTATES> 5
<STATE> 2
<MEAN> 39
 -1.074020e+01 7.111930e-01 -2.607164e+00 -2.824872e+00 3.435742e+00 -1.813334e+01 -5.782400e+00 -2.708572e+00 -1.636995e+01 -7.155875e+00 -3.305402e+00 -1.009111e+01 8.426892e+01 5.858732e-01 -6.334140e-01 1.821775e-01 2.637485e-01 4.681267e-01 -4.215750e-02 1.496315e-02 2.626986e-01 -1.204030e-02 -7.138932e-01 -7.691159e-01 3.194828e-01 9.044349e-01 1.734233e-01 3.307737e-02 3.785305e-02 2.473095e-01 5.766835e-02 5.419002e-01 -6.544109e-02 -1.751666e-01 1.491497e-01 -9.723279e-02 -1.193104e-01 3.153362e-01 -3.264566e-01
<VARIANCE> 39
 5.404245e+01 5.970031e+01 3.028119e+01 1.028095e+02 1.013915e+02 5.178516e+01 3.414503e+01 3.185931e+01 5.296937e+01 6.623042e+01 3.045918e+01 3.719044e+01 3.503812e+01 9.061937e+00 5.453177e+00 4.091324e+00 1.371463e+01 8.121276e+00 8.881001e+00 5.989656e+00 3.029317e+00 4.447978e+00 8.959902e+00 3.488547e+00 6.738696e+00 5.833663e+00 1.893905e+00 1.234280e+00 8.300444e-01 2.191947e+00 1.626096e+00 1.087894e+00 1.338567e+00 5.115986e-01 7.327864e-01 2.255387e+00 6.355008e-01 9.731192e-01 8.409654e-01
<GCONST> 1.473082e+02
<STATE> 3
<MEAN> 39
 -6.816854e+00 6.294285e+00 -1.553774e+00 9.316613e-01 4.346807e+00 -6.245971e+00 -4.166674e+00 -3.931635e+00 -1.049745e+01 -1.248608e+01 -9.315924e+00 -2.618054e+00 7.810699e+01 -1.396381e+00 1.875479e+00 1.432686e-01 -2.616455e-01 -1.099084e+00 1.142345e+00 1.109576e+00 -9.605213e-01 1.024438e+00 1.688348e+00 -4.571777e-01 -3.038770e-01 -1.806999e+00 -1.612889e-01 -2.749897e-01 -1.881000e-01 -3.633568e-01 -2.597630e-01 -5.953427e-01 -1.269807e-01 1.195307e-01 -3.318631e-01 3.060734e-02 1.557575e-01 -4.471419e-01 3.277323e-01
<VARIANCE> 39
 3.478431e+01 5.482185e+01 2.243627e+01 1.342853e+01 3.544238e+01 1.491989e+01 2.646742e+01 2.244199e+01 1.974232e+01 6.032048e+01 5.046696e+01 2.375686e+01 3.326516e+01 2.790877e+00 4.401355e+00 2.092528e+00 3.600960e+00 6.148090e+00 4.782550e+00 5.315286e+00 2.577957e+00 3.653090e+00 6.809600e+00 3.155994e+00 3.395449e+00 3.735404e+00 7.895179e-01 1.308768e+00 4.748987e-01 3.490251e-01 7.227392e-01 4.637676e-01 1.419667e+00 5.021396e-01 4.558847e-01 1.932747e+00 8.081989e-01 9.733129e-01 7.991681e-01
<GCONST> 1.289153e+02
<STATE> 4
<MEAN> 39
 -9.917672e+00 5.014435e+00 -5.646516e+00 -4.864586e+00 -5.577391e-01 -1.043713e+01 -5.863091e+00 -5.277854e+00 -1.250784e+01 -6.967251e+00 -4.746178e+00 -3.749707e+00 7.529321e+01 -9.668306e-01 -6.561155e-01 1.021870e-02 -8.106570e-01 -8.834403e-02 1.824900e-02 2.656021e-01 4.782915e-02 -1.320602e-01 2.087009e-01 2.680495e-01 -1.321541e-01 5.641540e-01 4.730285e-02 -3.116998e-01 1.513423e-01 4.127321e-01 3.877738e-01 -9.763524e-02 -3.688848e-02 -4.942947e-02 -1.619816e-01 -1.137259e-01 2.567294e-01 1.746812e-01 5.331438e-01
<VARIANCE> 39
 3.912452e+01 2.313280e+01 2.452312e+01 2.048351e+01 2.437519e+01 1.696428e+01 3.208028e+01 1.391117e+01 1.221919e+01 1.468126e+01 7.029462e+01 2.559315e+01 1.533512e+01 3.359012e+00 2.716614e+00 1.759659e+00 4.358089e+00 4.103865e+00 2.349278e+00 4.697235e+00 2.482157e+00 1.721125e+00 2.146104e+00 3.884567e+00 1.736429e+00 5.101069e+00 8.902924e-01 2.596211e-01 2.809721e-01 8.763313e-01 9.951023e-01 5.397432e-01 1.182492e+00 3.969636e-01 3.469281e-01 5.438203e-01 8.079270e-01 3.987032e-01 7.496881e-01
<GCONST> 1.187272e+02
<TRANSP> 5
 0.000000e+00 1.000000e+00 0.000000e+00 0.000000e+00 0.000000e+00
 0.000000e+00 8.687723e-01 1.312277e-01 0.000000e+00 0.000000e+00
 0.000000e+00 0.000000e+00 7.464885e-01 2.535115e-01 0.000000e+00
 0.000000e+00 0.000000e+00 0.000000e+00 8.132046e-01 1.867954e-01
 0.000000e+00 0.000000e+00 0.000000e+00 0.000000e+00 0.000000e+00
<ENDHMM>
~h "l"
<BEGINHMM>
<NUMSTATES> 5
<STATE> 2
<MEAN> 39
 -1.449964e+01 6.447427e+00 -1.421709e+00 -3.165629e+00 -3.388098e+00 -2.146657e+00 -4.758226e+00 -3.200575e+00 -9.904484e+00 -8.365798e+00 -5.432516e+00 -6.398392e+00 6.588728e+01 -2.125340e-01 -2.481958e-02 -4.259666e-03 9.407386e-03 -9.483003e-02 -5.040767e-03 8.634432e-02 -1.349730e-02 6.894609e-02 7.417604e-02 1.585554e-02 -3.745994e-02 -1.913216e-01 -2.434272e-02 -3.283454e-02 5.366493e-02 -2.021578e-02 1.486178e-02 2.827514e-02 -9.898876e-04 3.125891e-02 7.113906e-03 -3.299677e-03 -9.833571e-03 1.810491e-02 5.339956e-02
<VARIANCE> 39
 1.517292e+01 1.822361e+01 1.421450e+01 1.564089e+01 8.274174e+00 1.200404e+01 1.215154e+01 1.376376e+01 1.776134e+01 1.653647e+01 1.352347e+01 1.110722e+01 1.381583e+01 1.968956e-01 2.898791e-01 5.379173e-01 5.126114e-01 6.251861e-01 6.053205e-01 7.724523e-01 7.262312e-01 9.772211e-01 9.242094e-01 9.270344e-01 7.418092e-01 9.375371e-02 4.336173e-02 7.686924e-02 1.225186e-01 1.100373e-01 1.217942e-01 1.310575e-01 1.585779e-01 1.549088e-01 1.950862e-01 1.768462e-01 1.845455e-01 1.468416e-01 2.813520e-02
<GCONST> 6.879707e+01
<STATE> 3
<MEAN> 39
 -1.682075e+01 6.214866e+00 -1.478510e+00 -4.801555e+00 -4.066481e+00 -1.558004e+00 -5.440229e+00 -3.741525e+00 -8.255938e+00 -7.388471e+00 -6.019828e+00 -6.444881e+00 6.590565e+01 -7.725009e-02 3.693993e-02 5.273074e-01 5.100130e-02 2.543099e-01 3.773557e-01 4.649107e-01 6.568220e-02 8.634906e-02 -1.840187e-01 -2.542930e-01 -1.198514e-01 2.165711e-01 -2.575167e-01 -4.724233e-01 3.854243e-01 -2.364691e-01 9.797157e-02 1.203999e-02 1.631309e-01 1.251638e-01 -7.624668e-02 1.110883e-01 2.241991e-01 1.330375e-01 4.690420e-01
<VARIANCE> 39
 1.375490e+01 9.558554e+00 8.426205e+00 1.649976e+01 1.584458e+01 1.822256e+01 1.842260e+01 1.931056e+01 2.345252e+01 1.886364e+01 1.443934e+01 8.415523e+00 2.792666e+01 3.626898e-01 7.250720e-01 4.428142e-01 1.021524e+00 6.490204e-01 6.488717e-01 1.302928e+00 8.851942e-01 9.143609e-01 1.109638e+00 9.232622e-01 6.267618e-01 2.339056e-01 1.767614e-01 4.273298e-01 2.299279e-01 2.237771e-01 1.826039e-01 2.812043e-01 2.817770e-01 2.399974e-01 3.826139e-01 2.719374e-01 2.587744e-01 1.926771e-01 1.262383e-01
<GCONST> 8.387161e+01
<STATE> 4
<MEAN> 39
 -1.877630e+01 5.098322e+00 -6.031375e-01 -4.221337e+00 -3.473590e+00 -1.825394e+00 -4.501365e+00 -4.371570e+00 -7.165840e+00 -8.157364e+00 -5.416253e+00 -6.553403e+00 6.657040e+01 -6.063358e-01 -9.588308e-01 8.724637e-01 -4.941694e-01 2.981950e-01 3.838668e-02 4.090452e-01 1.826165e-01 -4.839530e-01 1.279678e-01 5.740601e-01 1.661001e-01 1.023078e+00 -1.162425e-01 -4.403707e-01 2.652253e-01 -1.208517e-01 -1.288934e-02 -1.072972e-01 1.484741e-02 1.179470e-01 -2.281264e-01 1.558370e-01 2.518103e-01 8.746161e-02 3.683419e-01
<VARIANCE> 39
 2.425084e+01 1.903269e+01 1.350038e+01 1.760347e+01 1.961174e+01 1.957163e+01 2.906938e+01 1.823724e+01 3.235325e+01 1.633708e+01 1.709639e+01 8.669123e+00 2.205128e+01 1.562495e+00 4.315550e+00 2.297262e+00 1.723718e+00 2.121977e+00 1.908478e+00 3.275907e+00 2.024048e+00 2.465996e+00 1.649666e+00 1.299253e+00 1.367372e+00 1.492221e+00 4.044934e-01 6.068560e-01 5.559348e-01 3.081250e-01 2.327246e-01 3.387219e-01 5.945699e-01 2.258609e-01 4.267266e-01 3.532825e-01 4.255017e-01 1.995966e-01 3.778416e-01
<GCONST> 1.057728e+02
<TRANSP> 5
 0.000000e+00 1.000000e+00 0.000000e+00 0.000000e+00 0.000000e+00
 0.000000e+00 8.665909e-01 1.334091e-01 0.000000e+00 0.000000e+00
 0.000000e+00 0.000000e+00 3.847249e-01 6.152750e-01 0.000000e+00
 0.000000e+00 0.000000e+00 0.000000e+00 4.375145e-01 5.624856e-01
 0.000000e+00 0.000000e+00 0.000000e+00 0.000000e+00 0.000000e+00
<ENDHMM>
~h "m"
<BEGINHMM>
<NUMSTATES> 5
<STATE> 2
<MEAN> 39
 -3.805031e+00 8.535431e-01 8.934137e-01 -5.079030e+00 -1.863106e+00 -5.062141e+00 -8.777954e+00 7.724306e+00 8.779536e-01 -1.299623e+01 -6.975449e+00 -7.626151e+00 8.327386e+01 -1.179002e-01 3.689839e-01 2.770977e-01 -3.378302e-01 1.082240e-01 2.661971e-01 2.595696e-01 -1.105417e-01 4.409423e-02 1.937543e-01 6.840907e-02 -2.063990e-02 -4.097284e-01 -9.634788e-02 1.596062e-01 5.415726e-02 -1.236394e-02 -4.002450e-02 3.065813e-02 2.028895e-01 -1.902797e-01 -1.938614e-01 1.280203e-01 -1.381892e-02 4.243087e-03 -1.987445e-01
<VARIANCE> 39
 1.978309e+01 2.562854e+01 5.483057e+01 6.258635e+01 4.342556e+01 5.218125e+01 8.519007e+01 4.050500e+01 6.583885e+01 3.766394e+01 3.765336e+01 2.590195e+01 3.422591e+01 3.247184e-01 1.207548e+00 1.805788e+00 1.570424e+00 2.119284e+00 3.133682e+00 3.994171e+00 1.387741e+00 2.670896e+00 1.755971e+00 3.156672e+00 1.802529e+00 1.238322e+00 6.768858e-02 1.266360e-01 2.763330e-01 2.814465e-01 3.528248e-01 5.242621e-01 6.131707e-01 2.567561e-01 4.391720e-01 2.898720e-01 3.617268e-01 2.259230e-01 1.096446e-01
<GCONST> 1.097344e+02
<STATE> 3
<MEAN> 39
 -6.489565e+00 7.988930e+00 3.422692e+00 -4.078351e+00 -1.970349e-01 -1.988460e-01 -6.402289e+00 4.103135e+00 -8.480090e-01 -8.189754e+00 -6.369736e+00 -8.169954e+00 7.514114e+01 -8.112713e-01 7.562909e-01 -6.013380e-02 1.099695e-01 -2.488238e-01 2.070528e-01 1.764657e+00 -6.582774e-01 -1.105535e+00 5.186206e-01 3.168139e-01 3.447124e-01 -1.316212e+00 3.097686e-02 -3.321815e-01 -3.531792e-01 1.817707e-01 -2.059436e-03 -3.753170e-01 -1.677226e-01 4.537682e-02 -9.476835e-02 -1.102395e-01 1.864733e-02 9.469059e-02 7.094476e-02
<VARIANCE> 39
 2.398534e+01 2.331976e+01 3.824748e+01 2.520609e+01 3.250775e+01 1.829497e+01 6.420018e+01 4.263203e+01 4.414719e+01 4.324165e+01 1.616973e+01 1.385567e+01 1.866555e+01 7.164717e-01 1.195594e+00 1.167870e+00 8.430483e-01 1.584826e+00 3.100886e+00 2.043985e+00 1.415384e+00 2.640979e+00 1.998467e+00 1.175369e+00 7.930629e-01 5.699558e-01 6.699289e-02 1.559556e-01 1.635289e-01 2.611316e-01 2.028992e-01 2.605006e-01 5.151598e-01 1.725338e-01 2.887972e-01 3.547387e-01 3.271336e-01 2.392159e-01 6.798679e-02
<GCONST> 9.799580e+01
<STATE> 4
<MEAN> 39
 -1.102067e+01 6.929327e+00 -1.950641e+00 -5.244624e+00 -5.384722e+00 -1.941051e+00 -1.573364e+00 3.040940e+00 -5.082883e+00 -6.703817e+00 -6.151031e+00 -5.550410e+00 6.848874e+01 -4.180695e-01 -1.836517e-01 -1.431221e-01 1.217831e-01 -6.134212e-02 -7.740189e-03 -3.943431e-02 -3.091133e-01 -4.334653e-01 -3.644478e-02 7.375860e-02 5.836222e-02 -3.349477e-01 1.592296e-02 -3.491524e-02 4.609349e-02 1.173197e-02 2.694709e-02 -4.334470e-02 -9.826380e-02 3.944150e-02 -1.370300e-02 -3.444351e-02 5.372639e-02 -2.168027e-02 1.096903e-01
<VARIANCE> 39
 1.118753e+01 2.219185e+01 2.697932e+01 2.031563e+01 2.519905e+01 2.122330e+01 1.157193e+01 2.183997e+01 2.429965e+01 1.624871e+01 1.856891e+01 1.385151e+01 1.061440e+01 2.642971e-01 4.473489e-01 8.033961e-01 1.026855e+00 1.099305e+00 1.308811e+00 1.040247e+00 1.217249e+00 1.641021e+00 1.115886e+00 1.354175e+00 9.105641e-01 4.475189e-01 4.203780e-02 1.501291e-01 1.380576e-01 2.273957e-01 2.183967e-01 1.971906e-01 1.935704e-01 1.995494e-01 3.024712e-01 2.206134e-01 2.312977e-01 1.869894e-01 1.072023e-01
<GCONST> 8.447943e+01
<TRANSP> 5
 0.000000e+00 1.000000e+00 0.000000e+00 0.000000e+00 0.000000e+00
 0.000000e+00 7.782245e-01 2.217755e-01 0.000000e+00 0.000000e+00
 0.000000e+00 0.000000e+00 5.840062e-01 4.159937e-01 0.000000e+00
 0.000000e+00 0.000000e+00 0.000000e+00 8.607056e-01 1.392944e-01
 0.000000e+00 0.000000e+00 0.000000e+00 0.000000e+00 0.000000e+00
<ENDHMM>
~h "n"
<BEGINHMM>
<NUMSTATES> 5
<STATE> 2
<MEAN> 39
 -8.963421e-01 -1.049096e+00 -2.030753e+00 -6.255382e+00 -1.306808e+01 -1.961267e+01 -5.539570e+00 1.268698e+01 1.471675e-02 -1.117087e+01 3.469395e-01 -8.416133e-01 8.635445e+01 1.221439e-01 9.597863e-02 -9.074228e-02 -9.693161e-03 3.830796e-02 1.690671e-01 1.660101e-01 -1.977970e-01 -4.294598e-01 3.126449e-01 1.849598e-01 3.093358e-01 -3.666751e-01 -8.619202e-02 2.151065e-01 1.088714e-01 1.108973e-01 2.462737e-01 3.471926e-01 -1.431668e-01 -1.886849e-01 1.071215e-01 9.574474e-02 -2.710755e-01 -1.487959e-01 -1.910724e-01
<VARIANCE> 39
 2.130963e+00 1.322950e+01 1.582946e+01 1.780012e+01 1.312226e+01 5.469547e+01 3.001046e+01 1.932751e+01 2.414940e+01 9.602473e+01 2.000581e+01 1.230918e+01 9.415277e+00 2.034518e-01 1.286699e+00 6.542525e-01 9.477146e-01 1.805569e+00 3.042593e+00 2.918983e+00 1.501332e+00 1.569098e+00 1.162330e+00 3.174728e+00 1.099960e+00 5.590869e-01 4.106762e-02 1.107655e-01 1.264974e-01 2.442176e-01 2.215488e-01 2.916881e-01 3.044358e-01 2.630934e-01 1.900405e-01 1.782626e-01 2.483379e-01 1.661042e-01 5.721383e-02
<GCONST> 8.815907e+01
<STATE> 3
<MEAN> 39
 -2.636152e+00 7.050837e+00 -6.943628e-01 -4.882389e+00 -7.172821e+00 -7.092535e+00 -7.385820e+00 8.507516e+00 -1.251518e+00 -1.039068e+01 -5.090904e+00 -3.197991e+00 7.570179e+01 -7.434005e-01 9.235635e-01 9.580802e-02 2.275884e-01 -2.577045e-01 2.532310e-01 7.926086e-01 -3.031449e-01 -8.933395e-02 6.110436e-01 -1.072665e-01 -4.032207e-01 -1.579777e+00 -1.236438e-01 -2.319536e-01 -1.023819e-01 -6.311409e-02 -1.196230e-01 -2.277142e-01 5.982435e-02 -6.786863e-02 -1.349714e-01 -4.396240e-02 7.856517e-02 -3.378043e-02 1.069500e-01
<VARIANCE> 39
 6.359021e+00 1.326514e+01 8.830850e+00 1.185518e+01 2.497270e+01 6.612714e+01 5.888573e+01 1.506856e+01 3.346574e+01 3.678605e+01 1.264482e+01 1.682310e+01 1.271522e+01 4.662132e-01 8.880590e-01 1.541277e+00 1.209304e+00 2.754609e+00 4.196464e+00 1.897968e+00 1.520936e+00 1.055780e+00 8.451979e-01 1.241301e+00 1.530517e+00 4.081949e-01 6.262279e-02 9.920694e-02 1.696879e-01 2.504419e-01 4.493053e-01 5.420426e-01 3.955635e-01 3.483525e-01 1.672378e-01 1.165656e-01 2.093851e-01 2.705158e-01 5.085531e-02
<GCONST> 9.143819e+01
<STATE> 4
<MEAN> 39
 -1.202818e+01 6.807594e+00 -3.169066e+00 -5.193821e+00 -6.574757e+00 -3.916507e+00 -2.168438e+00 3.025738e+00 -7.369050e+00 -7.636412e+00 -3.299824e+00 -4.383401e+00 6.694524e+01 -3.697449e-01 -7.206122e-02 -2.452167e-02 7.971515e-02 1.928140e-01 2.129447e-01 -1.405957e-02 -3.017710e-01 -1.267714e-01 1.198317e-01 8.046352e-02 -5.410499e-02 -2.662145e-01 2.983527e-02 -2.024344e-02 1.743102e-02 1.595634e-02 6.449179e-02 9.251555e-03 -3.146684e-02 4.470555e-02 2.457351e-02 -3.020778e-02 1.154908e-02 4.233177e-02 5.909293e-02
<VARIANCE> 39
 1.614400e+01 1.467195e+01 1.251606e+01 7.037520e+00 1.622682e+01 2.306261e+01 1.208192e+01 1.802379e+01 1.362180e+01 1.415244e+01 1.535827e+01 1.375197e+01 1.069133e+01 4.381121e-01 4.902861e-01 7.177662e-01 5.802145e-01 8.301458e-01 1.025340e+00 9.628135e-01 9.913338e-01 1.132195e+00 8.695989e-01 9.944462e-01 1.246414e+00 1.708468e-01 9.076205e-02 9.297950e-02 1.746695e-01 1.208199e-01 1.779651e-01 2.407969e-01 2.231688e-01 2.158969e-01 2.196289e-01 1.665025e-01 2.096166e-01 2.529279e-01 4.391881e-02
<GCONST> 7.753842e+01
<TRANSP> 5
 0.000000e+00 1.000000e+00 0.000000e+00 0.000000e+00 0.000000e+00
 0.000000e+00 8.791375e-01 1.208626e-01 0.000000e+00 0.000000e+00
 0.000000e+00 0.000000e+00 7.852079e-01 2.147921e-01 0.000000e+00
 0.000000e+00 0.000000e+00 0.000000e+00 9.257370e-01 7.426306e-02
 0.000000e+00 0.000000e+00 0.000000e+00 0.000000e+00 0.000000e+00
<ENDHMM>
~h "o"
<BEGINHMM>
<NUMSTATES> 5
<STATE> 2
<MEAN> 39
 -1.013733e+01 1.028457e+01 2.137309e+00 -2.357528e+00 -6.593402e+00 -8.068675e+00 -7.118724e+00 4.742470e+00 2.985225e+00 7.406015e-01 -1.302765e+00 -3.216359e+00 6.785428e+01 -7.024157e-01 8.668265e-02 8.674586e-02 -2.804901e-01 2.861944e-01 8.429812e-02 1.034043e-02 -1.872368e-01 -3.254324e-01 5.369634e-01 4.600171e-01 2.948783e-02 -3.487935e-01 6.257487e-02 -7.528958e-03 7.686065e-03 -2.299238e-02 -1.034242e-01 -9.234943e-03 4.200081e-02 -4.429318e-02 1.684793e-02 -5.299371e-02 -5.983837e-02 -4.254230e-02 5.563422e-02
<VARIANCE> 39
 9.059898e+00 7.556129e+00 3.182973e+00 7.032388e+00 4.514855e+00 6.876093e+00 9.840034e+00 1.051231e+01 1.522900e+01 1.103309e+01 1.135609e+01 3.825613e+00 1.691806e+00 1.003968e-01 1.879980e-01 1.986527e-01 5.921011e-01 5.980957e-01 8.010435e-01 1.033378e+00 4.648455e-01 9.643771e-01 8.111086e-01 1.128325e+00 4.209251e-01 1.037985e-01 3.370823e-02 3.540798e-02 3.148883e-02 1.278487e-01 2.022772e-01 2.730942e-01 2.371871e-01 9.914195e-02 2.382873e-01 1.913861e-01 3.055393e-01 8.394575e-02 2.453936e-02
<GCONST> 5.632228e+01
<STATE> 3
<MEAN> 39
 -1.495813e+01 9.324072e+00 3.105814e+00 -3.112356e+00 -3.981652e+00 -3.568647e+00 -3.757915e+00 9.721769e-01 -9.894378e-01 1.629599e+00 -1.963300e-01 -4.002756e+00 6.543848e+01 -2.012437e-01 -2.602321e-01 -1.766568e-01 1.712320e-01 2.444587e-01 8.597110e-01 6.430224e-01 -5.643390e-01 -6.267615e-01 -6.729274e-01 -4.046448e-01 -2.573643e-01 -3.282635e-01 2.450121e-02 -1.783889e-02 -5.628472e-02 -4.733239e-02 1.807871e-02 -4.778062e-02 -3.379363e-02 3.330043e-02 -5.680455e-02 -5.900865e-02 -4.850676e-02 -1.525297e-02 1.042539e-02
<VARIANCE> 39
 4.055206e+00 4.480280e+00 3.748887e+00 3.027216e+00 4.867510e+00 4.919085e+00 6.922445e+00 1.426373e+01 1.155561e+01 6.837065e+00 5.555100e+00 3.907061e+00 1.804037e+00 1.052099e-01 1.122473e-01 2.015704e-01 2.976684e-01 6.066550e-01 5.566275e-01 6.967245e-01 6.662671e-01 6.230675e-01 3.057484e-01 6.075112e-01 2.659139e-01 5.445769e-02 1.608083e-02 1.560594e-02 3.705244e-02 5.450103e-02 1.124438e-01 1.098382e-01 1.367346e-01 1.385599e-01 9.021113e-02 7.045950e-02 1.268233e-01 5.836694e-02 6.908678e-03
<GCONST> 3.951987e+01
<STATE> 4
<MEAN> 39
 -1.730292e+01 6.592540e+00 -8.775638e-01 -2.845942e+00 -4.260171e+00 -1.758655e+00 -3.189206e+00 -3.197253e-01 -6.732440e+00 -4.333829e+00 -3.191181e+00 -5.302671e+00 6.309462e+01 -6.209499e-02 -8.527821e-02 -1.017709e-01 -4.349280e-02 -4.753456e-02 -3.449623e-02 -5.013478e-02 -4.215552e-02 -7.912167e-02 -7.316500e-02 -4.243719e-02 4.062366e-03 -2.637275e-02 -1.075056e-03 8.541263e-03 1.102901e-02 -1.364575e-02 -1.062819e-03 -1.980075e-02 -1.848287e-02 -2.108769e-02 3.947364e-03 -2.776572e-03 -9.993523e-03 3.379983e-03 1.141926e-02
<VARIANCE> 39
 1.705822e+00 3.525316e+00 5.472700e+00 4.920444e+00 6.283384e+00 5.909524e+00 4.990613e+00 6.207899e+00 7.773976e+00 7.212286e+00 8.704025e+00 6.985120e+00 1.006641e+00 1.256551e-01 1.843847e-01 4.641980e-01 5.782083e-01 5.795618e-01 4.914112e-01 4.964191e-01 8.365732e-01 7.730983e-01 7.527658e-01 9.186897e-01 8.188118e-01 4.817986e-02 2.644835e-02 3.741705e-02 9.091488e-02 1.184962e-01 1.347789e-01 1.082133e-01 1.030985e-01 1.801036e-01 1.769937e-01 1.663968e-01 1.981180e-01 1.852452e-01 9.056753e-03
<GCONST> 4.968201e+01
<TRANSP> 5
 0.000000e+00 1.000000e+00 0.000000e+00 0.000000e+00 0.000000e+00
 0.000000e+00 9.117717e-01 8.822833e-02 0.000000e+00 0.000000e+00
 0.000000e+00 0.000000e+00 8.745669e-01 1.254331e-01 0.000000e+00
 0.000000e+00 0.000000e+00 0.000000e+00 9.744547e-01 2.554530e-02
 0.000000e+00 0.000000e+00 0.000000e+00 0.000000e+00 0.000000e+00
<ENDHMM>
~h "p"
<BEGINHMM>
<NUMSTATES> 5
<STATE> 2
<MEAN> 39
 -7.873410e+00 2.293905e+00 -2.707031e+00 4.521419e-01 9.710110e-01 -8.344497e+00 -5.839064e+00 1.277996e+00 -7.783080e+00 -1.419327e+01 -7.329784e+00 -5.057255e+00 7.982040e+01 1.146706e+00 -1.730971e+00 -8.793263e-01 9.040067e-02 -1.586742e+00 -2.429348e+00 4.495063e-01 6.945796e-01 3.069083e-01 -1.441666e+00 -5.387860e-01 7.492514e-01 2.479193e+00 3.144124e-02 -6.895640e-02 -7.468376e-03 -2.456653e-01 -3.494792e-01 -4.516087e-02 2.385468e-01 2.514666e-02 1.616734e-01 3.425425e-01 1.208751e-01 1.643085e-01 -1.055285e-01
<VARIANCE> 39
 4.486668e+01 3.638330e+01 3.399674e+01 2.551710e+01 9.350500e+01 1.361133e+02 3.361517e+01 2.635227e+01 5.070312e+01 1.177020e+02 4.386193e+01 2.837570e+01 7.792123e+01 4.257331e+00 2.129078e+00 3.041745e+00 4.282320e+00 7.784867e+00 1.154108e+01 3.286211e+00 2.818846e+00 6.188277e+00 4.727785e+00 4.471950e+00 2.823587e+00 5.812559e+00 7.755967e-01 3.332869e-01 4.053528e-01 8.891317e-01 1.438644e+00 2.732640e+00 7.104422e-01 6.040244e-01 1.123791e+00 1.131851e+00 8.414190e-01 6.241960e-01 1.401067e+00
<GCONST> 1.395059e+02
<STATE> 3
<MEAN> 39
 -4.285260e+00 2.534425e+00 -6.475859e+00 7.140315e-01 -3.219122e+00 -1.116333e+01 -5.765359e+00 -2.841572e-01 -1.133846e+01 -1.395850e+01 -4.288668e+00 -4.037522e+00 7.767933e+01 -7.978382e-01 4.688291e-01 3.449853e-01 -6.835173e-01 -5.045087e-01 8.825094e-01 5.379588e-01 -3.805167e-01 2.914869e-01 9.027140e-01 -2.003666e-01 1.021953e-01 -9.263359e-01 -1.401724e-01 -2.059356e-02 3.538164e-02 -1.068438e-01 1.278908e-01 2.842307e-02 -2.833539e-02 -1.406998e-01 -2.207921e-02 1.782731e-01 4.628808e-02 -1.178138e-01 2.495235e-02
<VARIANCE> 39
 2.319423e+01 5.114920e+01 4.120618e+01 2.107461e+01 3.432934e+01 7.763239e+01 2.898890e+01 7.144183e+01 4.136469e+01 4.734691e+01 2.167470e+01 2.210817e+01 6.524770e+01 8.335076e-01 1.918592e+00 1.517667e+00 1.308615e+00 3.164979e+00 1.789964e+00 2.028742e+00 2.166191e+00 3.534628e+00 4.543686e+00 1.659226e+00 1.401028e+00 1.773295e+00 2.186971e-01 4.692660e-01 3.240812e-01 2.884493e-01 4.043134e-01 4.930789e-01 4.199795e-01 4.145154e-01 7.335263e-01 1.037452e+00 3.031481e-01 2.722909e-01 4.684891e-01
<GCONST> 1.160063e+02
<STATE> 4
<MEAN> 39
 -2.711719e+00 -2.497278e+00 -6.807442e+00 -5.789984e+00 -1.177954e+01 -1.870822e+01 6.943385e-02 7.593983e+00 -6.232841e+00 -9.813338e+00 -5.465540e+00 -1.762900e+00 8.263631e+01 -2.515200e-01 3.904891e-01 -8.049686e-03 -1.810206e-01 4.050981e-01 3.471263e-01 -1.944540e-01 -3.602011e-02 -1.482414e-01 2.632353e-02 1.589338e-01 -9.505697e-02 -4.120283e-01 -3.662415e-02 9.407642e-02 1.019815e-02 7.230062e-02 1.288666e-01 3.819889e-02 -2.129747e-01 -5.769503e-02 -7.234248e-03 -4.809487e-02 -1.808815e-04 -4.272713e-02 3.229940e-02
<VARIANCE> 39
 1.790450e+01 6.299656e+01 2.425919e+01 3.102736e+01 3.247198e+01 6.259485e+01 4.241660e+01 4.555145e+01 3.131588e+01 3.524289e+01 2.329034e+01 1.971342e+01 7.018252e+01 1.541621e+00 4.673116e+00 1.281172e+00 1.902304e+00 2.814229e+00 4.334898e+00 4.616897e+00 2.410635e+00 3.569594e+00 3.071656e+00 2.267797e+00 1.408845e+00 3.938742e+00 2.299727e-01 6.527315e-01 3.038409e-01 3.393873e-01 5.053436e-01 6.763868e-01 8.004823e-01 4.104716e-01 7.109589e-01 6.064659e-01 4.921380e-01 3.154847e-01 5.890210e-01
<GCONST> 1.210150e+02
<TRANSP> 5
 0.000000e+00 1.000000e+00 0.000000e+00 0.000000e+00 0.000000e+00
 0.000000e+00 7.558489e-01 2.441510e-01 0.000000e+00 0.000000e+00
 0.000000e+00 0.000000e+00 8.337452e-01 1.662549e-01 0.000000e+00
 0.000000e+00 0.000000e+00 0.000000e+00 8.864602e-01 1.135398e-01
 0.000000e+00 0.000000e+00 0.000000e+00 0.000000e+00 0.000000e+00
<ENDHMM>
~h "r"
<BEGINHMM>
<NUMSTATES> 5
<STATE> 2
<MEAN> 39
 -1.562842e+00 -8.430321e-01 -1.299134e+01 -6.378660e+00 -3.595389e+00 -1.570683e+01 -2.760096e+00 7.385370e-01 -1.530082e+01 -9.166100e+00 -2.517378e-01 -2.984476e+00 8.177956e+01 -8.031689e-02 6.896392e-01 1.262442e-01 3.160234e-01 -9.071684e-03 7.046453e-01 -1.887760e-01 -5.931888e-01 1.057479e-02 2.934575e-01 1.509372e-01 -7.337330e-02 -7.681128e-01 -3.369341e-01 3.447897e-01 4.996003e-01 4.885103e-02 2.800173e-01 4.581703e-01 -1.545198e-01 -6.990137e-02 3.494107e-01 -2.067515e-02 -8.038210e-02 -4.927773e-02 -9.071856e-02
<VARIANCE> 39
 1.837061e+01 2.322058e+01 2.972289e+01 1.931248e+01 1.979921e+01 3.965327e+01 7.791628e+01 3.849089e+01 1.884134e+01 1.663728e+01 1.148466e+01 8.857621e+00 5.607146e+01 1.124004e+00 1.983257e+00 1.570691e+00 1.260904e+00 1.945153e+00 2.880674e+00 4.660204e+00 1.706842e+00 3.078728e+00 1.967828e+00 1.116249e+00 9.594027e-01 5.624599e-01 2.476594e-01 2.208914e-01 2.053588e-01 2.934922e-01 3.296519e-01 3.572607e-01 6.769216e-01 4.221772e-01 3.487546e-01 3.630628e-01 2.045216e-01 2.314526e-01 1.291663e-01
<GCONST> 1.034609e+02
<STATE> 3
<MEAN> 39
 -8.123579e+00 5.255885e+00 -2.876354e+00 -3.816855e+00 1.763568e+00 -7.691367e+00 -7.405854e+00 -1.187999e+00 -1.070242e+01 -9.978358e+00 -1.194633e+00 -4.849018e+00 7.714198e+01 -6.780563e-01 2.657486e-01 1.124209e+00 4.880865e-01 -4.516486e-02 1.588117e-01 2.306483e-01 -1.700274e-01 3.851579e-01 4.415584e-02 -5.795814e-01 -5.229871e-01 7.254036e-02 1.802979e-01 -2.834627e-01 -1.743309e-01 -4.922003e-02 -1.060100e-01 -3.473301e-01 -6.670574e-02 7.037809e-02 -1.241305e-01 -1.401820e-01 -1.341139e-01 -6.590286e-02 3.107371e-01
<VARIANCE> 39
 5.346519e+01 3.929490e+01 3.276019e+01 2.677073e+01 3.659719e+01 3.200800e+01 2.634287e+01 2.297106e+01 2.362189e+01 2.416997e+01 3.731953e+01 1.713337e+01 4.027488e+01 4.540556e+00 2.014855e+00 1.887985e+00 2.056865e+00 2.823971e+00 3.837950e+00 2.290543e+00 2.434864e+00 2.101717e+00 2.457608e+00 3.732745e+00 2.002154e+00 3.034746e+00 7.825701e-01 3.215739e-01 2.926597e-01 4.972796e-01 6.561988e-01 5.550044e-01 5.882518e-01 5.032841e-01 5.259510e-01 5.420789e-01 6.318988e-01 4.212576e-01 3.377244e-01
<GCONST> 1.193160e+02
<STATE> 4
<MEAN> 39
 -8.676468e+00 -5.406618e-01 1.630914e+00 2.299883e+00 1.170697e+01 -1.375680e+01 -1.167144e+01 -2.171734e+00 -1.581315e+01 -1.323717e+01 -4.135422e+00 -7.144559e+00 8.542331e+01 3.770045e-01 -3.072104e-01 -2.481152e-02 8.001192e-01 8.706625e-01 -2.243897e-01 -5.547251e-01 1.350410e-01 -4.950494e-01 -5.884295e-02 5.921697e-01 -5.374406e-02 -1.987082e-01 4.121797e-02 2.076326e-01 -1.904152e-01 9.383539e-03 -2.903035e-01 2.470319e-01 1.499503e-01 2.579005e-02 1.589042e-01 1.298998e-01 6.553832e-02 1.059934e-01 -4.740381e-01
<VARIANCE> 39
 1.735223e+01 2.597400e+01 6.028417e+01 4.296268e+01 1.094421e+02 7.551925e+01 4.342466e+01 3.594729e+01 4.755666e+01 3.994896e+01 4.677985e+01 3.826260e+01 3.066953e+01 2.884701e+00 4.438378e+00 3.367491e+00 2.892189e+00 6.883545e+00 9.951185e+00 3.685222e+00 3.988083e+00 5.381967e+00 4.459121e+00 3.681230e+00 3.492502e+00 6.243713e+00 3.288549e-01 4.756968e-01 6.770313e-01 3.936627e-01 8.695905e-01 1.461879e+00 7.348038e-01 7.375659e-01 9.160481e-01 6.673560e-01 8.831428e-01 5.759120e-01 4.643508e-01
<GCONST> 1.343015e+02
<TRANSP> 5
 0.000000e+00 1.000000e+00 0.000000e+00 0.000000e+00 0.000000e+00
 0.000000e+00 7.574192e-01 2.425808e-01 0.000000e+00 0.000000e+00
 0.000000e+00 0.000000e+00 8.316637e-01 1.683363e-01 0.000000e+00
 0.000000e+00 0.000000e+00 0.000000e+00 7.860360e-01 2.139640e-01
 0.000000e+00 0.000000e+00 0.000000e+00 0.000000e+00 0.000000e+00
<ENDHMM>
~h "s"
<BEGINHMM>
<NUMSTATES> 5
<STATE> 2
<MEAN> 39
 -1.639792e+01 6.102793e+00 -1.663678e+00 -3.685121e+00 -2.326003e+00 -3.160018e+00 -5.097687e+00 -3.717570e+00 -9.467783e+00 -8.579907e+00 -5.754269e+00 -6.543798e+00 6.698630e+01 -1.617374e-01 -5.390151e-02 2.011619e-02 -7.475698e-02 -8.543845e-02 1.560589e-01 1.665009e-01 -9.594618e-02 1.231012e-02 2.740011e-01 7.810822e-02 1.713684e-01 -1.967556e-01 -3.301851e-04 1.121073e-02 1.167860e-02 -3.899771e-02 1.462011e-02 3.359476e-02 -3.218581e-02 1.717321e-02 -1.336161e-02 1.798961e-02 -4.108060e-02 1.251717e-02 5.016997e-02
<VARIANCE> 39
 1.217109e+01 1.685289e+01 1.300172e+01 2.075562e+01 1.565214e+01 1.488589e+01 1.286132e+01 9.032187e+00 1.654634e+01 1.378327e+01 1.351095e+01 9.563637e+00 2.143913e+01 5.210372e-01 5.651178e-01 6.512045e-01 7.472209e-01 1.241115e+00 1.428657e+00 1.117894e+00 8.211223e-01 1.506432e+00 8.718233e-01 9.363854e-01 6.053445e-01 5.648208e-01 1.311541e-01 1.165591e-01 1.367377e-01 1.642052e-01 2.206768e-01 2.434366e-01 2.105517e-01 1.475222e-01 2.420753e-01 1.686376e-01 1.662044e-01 1.229777e-01 8.052247e-02
<GCONST> 7.985797e+01
<STATE> 3
<MEAN> 39
 -1.902991e+01 4.770964e+00 -1.640875e+00 -7.483962e+00 -2.253560e+00 -3.637285e+00 -5.741341e+00 -3.852467e+00 -9.573876e+00 -7.032852e+00 -6.534588e+00 -4.686075e+00 6.751918e+01 -2.214369e-01 -1.742133e-01 2.720875e-01 7.828073e-02 -1.099564e-01 1.824234e-01 -1.083287e-01 -1.386479e-01 -7.149324e-03 5.907095e-02 -7.212281e-02 1.303044e-01 3.399896e-01 8.899251e-03 -1.140736e-01 8.639442e-02 6.162393e-02 -1.013375e-01 -6.295832e-03 -1.315284e-02 -4.439453e-02 -1.446662e-02 -7.108688e-02 3.607874e-02 -2.455459e-02 9.467442e-02
<VARIANCE> 39
 1.916351e+01 1.444275e+01 1.266062e+01 1.403069e+01 2.482609e+01 1.596636e+01 2.243875e+01 1.986328e+01 2.018016e+01 2.908490e+01 2.450978e+01 1.225680e+01 1.754611e+01 2.479006e+00 3.079906e+00 1.827372e+00 1.994309e+00 3.519704e+00 2.470773e+00 2.825393e+00 1.636018e+00 1.741418e+00 1.942020e+00 2.273879e+00 9.056028e-01 1.905175e+00 4.951816e-01 4.837579e-01 4.146543e-01 3.943112e-01 6.625243e-01 5.447825e-01 6.249922e-01 3.913459e-01 4.355265e-01 3.621453e-01 4.350930e-01 2.162457e-01 2.765522e-01
<GCONST> 1.079492e+02
<STATE> 4
<MEAN> 39
 -2.314162e+01 -1.168853e+00 4.328835e+00 -7.929900e+00 -4.780780e+00 -1.539294e+00 -3.737308e+00 -5.181203e+00 -1.036217e+01 -4.925931e+00 -4.483162e+00 -4.411771e+00 7.326642e+01 2.146065e-01 -4.576849e-02 -2.109178e-01 -1.425334e-01 -3.323697e-02 -1.767950e-01 -8.849933e-02 -3.411561e-02 -8.190825e-02 -5.547826e-02 1.336921e-01 6.240580e-02 5.665991e-02 3.000281e-01 2.799162e-01 -3.512906e-01 6.064701e-02 9.998429e-02 -1.437811e-01 -7.950222e-02 1.295510e-01 -5.841846e-02 -1.727074e-01 2.911506e-03 -1.027908e-01 -2.581834e-01
<VARIANCE> 39
 5.480409e+01 4.756924e+01 5.240848e+01 3.006474e+01 2.561013e+01 2.180008e+01 2.958228e+01 1.635764e+01 2.544664e+01 2.884814e+01 2.024098e+01 1.928876e+01 4.332703e+01 3.140701e+00 2.675676e+00 4.566613e+00 2.383094e+00 1.661592e+00 1.527707e+00 2.117835e+00 1.658496e+00 1.864922e+00 1.488434e+00 1.287343e+00 1.652607e+00 3.579126e+00 5.507351e-01 4.760951e-01 5.520715e-01 5.132086e-01 3.469111e-01 3.635720e-01 4.949741e-01 2.863501e-01 3.831476e-01 3.267435e-01 3.807811e-01 2.815976e-01 5.804721e-01
<GCONST> 1.140230e+02
<TRANSP> 5
 0.000000e+00 1.000000e+00 0.000000e+00 0.000000e+00 0.000000e+00
 0.000000e+00 8.658487e-01 1.341512e-01 0.000000e+00 0.000000e+00
 0.000000e+00 0.000000e+00 7.654817e-01 2.345183e-01 0.000000e+00
 0.000000e+00 0.000000e+00 0.000000e+00 7.383391e-01 2.616609e-01
 0.000000e+00 0.000000e+00 0.000000e+00 0.000000e+00 0.000000e+00
<ENDHMM>
~h "t"
<BEGINHMM>
<NUMSTATES> 5
<STATE> 2
<MEAN> 39
 -2.298679e+00 -4.506402e+00 -4.923170e+00 -3.267260e+00 -7.148949e+00 -1.771134e+01 -2.808529e+00 5.959204e+00 -1.149742e+01 -1.046997e+01 4.519958e-01 -7.255701e-01 8.471027e+01 4.364497e-01 4.902908e-01 -3.069026e-01 -8.912529e-02 -5.388682e-01 1.050380e-01 5.710839e-01 7.796711e-01 8.222116e-01 4.436300e-01 -2.807550e-01 8.322717e-02 -9.686400e-01 -2.378424e-01 2.118264e-01 1.661661e-01 8.930787e-02 3.062776e-01 3.687627e-01 -1.953361e-01 -3.951996e-01 -2.827850e-02 3.120463e-02 -1.843320e-01 -2.327849e-01 -2.452959e-01
<VARIANCE> 39
 2.996182e+01 2.755043e+01 3.129625e+01 2.362240e+01 9.407104e+01 5.768127e+01 4.233534e+01 7.193417e+01 3.924476e+01 3.217408e+01 1.934574e+01 2.943272e+01 4.135482e+01 2.601176e+00 2.869267e+00 2.192946e+00 1.329119e+00 3.563307e+00 5.109506e+00 3.768510e+00 2.509763e+00 2.248715e+00 1.392415e+00 1.375026e+00 2.091935e+00 2.483145e+00 2.423307e-01 3.997704e-01 3.370151e-01 2.438086e-01 2.940163e-01 7.579941e-01 3.409383e-01 3.045803e-01 3.387241e-01 3.019831e-01 2.013710e-01 2.912675e-01 4.448594e-01
<GCONST> 1.156374e+02
<STATE> 3
<MEAN> 39
 -4.733533e+00 1.709337e+00 -2.387646e+00 -3.669806e+00 -1.435115e+00 -9.726629e+00 -3.118353e+00 1.654495e+00 -8.803832e+00 -5.641993e+00 -3.867610e+00 -4.035512e+00 7.806610e+01 -8.189573e-01 5.381466e-01 9.491007e-01 2.404385e-01 7.365787e-02 1.822618e+00 5.252193e-01 -1.177139e+00 4.477498e-01 8.422722e-01 -7.662186e-01 -7.325147e-01 -1.452145e+00 3.982097e-02 -3.304158e-01 -2.409198e-01 1.121915e-01 -4.358326e-01 -3.948252e-01 -3.813649e-01 -6.051137e-02 -1.462213e-01 -3.185526e-01 1.640645e-01 1.445714e-01 1.768509e-01
<VARIANCE> 39
 2.617594e+01 1.490633e+01 2.524542e+01 3.193320e+01 6.706062e+01 4.618690e+01 4.462571e+01 6.061917e+01 4.767949e+01 2.960946e+01 1.296958e+01 2.339404e+01 2.028440e+01 4.164253e-01 2.711348e+00 9.794919e-01 1.141253e+00 3.222872e+00 3.778824e+00 3.098149e+00 1.876245e+00 2.697003e+00 2.207716e+00 2.106964e+00 1.695530e+00 6.400223e-01 8.996784e-02 1.614326e-01 2.567262e-01 2.802388e-01 3.809592e-01 5.363132e-01 6.505320e-01 2.579999e-01 4.438210e-01 3.616828e-01 2.386873e-01 2.709526e-01 6.546458e-02
<GCONST> 1.058279e+02
<STATE> 4
<MEAN> 39
 -1.140689e+01 5.785675e+00 -2.994346e+00 -5.498344e+00 -7.041245e+00 -7.823044e+00 -5.631695e+00 5.096517e-01 -7.860137e+00 -7.392793e+00 -4.270529e+00 -4.824391e+00 6.857161e+01 -3.886611e-01 1.986387e-02 3.227470e-02 -3.674078e-02 -2.235893e-01 2.264788e-01 -2.067531e-01 -2.735404e-01 5.607839e-03 -1.190552e-01 -8.952734e-03 -6.638444e-05 -4.076367e-01 1.500470e-02 9.060101e-03 3.953016e-03 -1.476379e-02 6.326073e-02 -4.127546e-02 1.232829e-02 2.308222e-02 -4.682944e-02 2.579570e-02 7.092879e-02 3.416308e-02 9.410850e-02
<VARIANCE> 39
 2.544577e+01 2.316763e+01 1.390456e+01 2.494209e+01 3.381214e+01 1.719515e+01 1.886765e+01 2.477079e+01 1.831363e+01 1.163209e+01 1.255034e+01 1.094525e+01 2.016760e+01 2.500781e-01 4.968116e-01 5.440561e-01 6.784909e-01 1.416588e+00 9.223026e-01 1.114930e+00 1.069245e+00 1.007788e+00 1.310094e+00 9.358999e-01 5.511810e-01 2.571343e-01 7.086954e-02 1.257010e-01 1.355580e-01 1.582572e-01 2.324977e-01 2.340472e-01 2.641220e-01 2.636440e-01 2.289715e-01 3.051273e-01 2.026223e-01 1.295039e-01 6.353128e-02
<GCONST> 8.212862e+01
<TRANSP> 5
 0.000000e+00 1.000000e+00 0.000000e+00 0.000000e+00 0.000000e+00
 0.000000e+00 6.857591e-01 3.142409e-01 0.000000e+00 0.000000e+00
 0.000000e+00 0.000000e+00 5.737890e-01 4.262110e-01 0.000000e+00
 0.000000e+00 0.000000e+00 0.000000e+00 8.422747e-01 1.577253e-01
 0.000000e+00 0.000000e+00 0.000000e+00 0.000000e+00 0.000000e+00
<ENDHMM>
~h "u"
<BEGINHMM>
<NUMSTATES> 5
<STATE> 2
<MEAN> 39
 -1.096111e+01 -1.031124e+00 1.912733e+00 3.892521e+00 5.712003e+00 -6.906796e+00 -1.061560e+01 -7.322715e+00 -1.097322e+01 -1.042692e+01 -1.999800e+00 -4.031716e+00 8.102194e+01 1.140524e+00 -1.794208e+00 7.123060e-02 2.165751e+00 2.795643e+00 -2.514769e+00 -2.123260e+00 8.323461e-01 -1.896916e+00 -2.060098e-01 2.218447e+00 5.252601e-01 2.044695e+00 2.015237e-01 3.940492e-01 -1.553311e-01 -1.591758e-01 6.196579e-02 -1.394352e-01 -4.344841e-02 4.181613e-01 -4.444358e-02 -4.933913e-02 -1.534779e-01 -1.956409e-01 -3.581540e-01
<VARIANCE> 39
 3.316782e+01 3.315510e+01 3.269804e+01 4.900261e+01 8.103096e+01 5.925730e+01 6.075756e+01 7.108379e+01 6.788970e+01 3.733014e+01 2.606982e+01 2.483436e+01 6.080980e+01 3.432840e+00 3.169069e+00 3.143116e+00 3.562306e+00 4.813139e+00 4.056835e+00 5.044193e+00 9.126859e+00 5.255837e+00 7.068497e+00 3.918049e+00 4.544932e+00 3.617183e+00 5.260211e-01 5.686950e-01 3.315438e-01 9.390506e-01 1.370567e+00 8.451700e-01 1.121734e+00 1.550630e+00 7.213959e-01 9.008566e-01 5.987735e-01 5.045696e-01 8.483764e-01
<GCONST> 1.372436e+02
<STATE> 3
<MEAN> 39
 -6.717093e+00 -4.361593e+00 -1.280782e+00 7.437809e+00 1.281911e+01 -1.411687e+01 -1.446547e+01 -2.829752e+00 -1.602083e+01 -8.952419e+00 3.950275e+00 -2.618526e+00 8.549101e+01 1.373695e-01 3.068888e-01 -4.807779e-01 -5.202169e-01 -1.831822e-01 1.637227e-01 8.584954e-01 -2.234408e-01 3.519009e-01 1.053334e+00 2.027547e-01 1.629569e-01 -4.349187e-01 -3.531357e-01 4.221430e-01 1.732961e-01 -4.433713e-01 -6.661141e-01 7.633389e-01 7.753428e-01 -4.609113e-01 5.869122e-01 2.088583e-01 -5.907797e-01 -1.044401e-01 -4.486189e-01
<VARIANCE> 39
 1.530124e+01 1.628468e+01 5.798012e+01 4.132528e+01 5.220472e+01 2.618826e+01 3.474884e+01 4.681263e+01 4.453228e+01 3.312711e+01 2.923293e+01 4.932075e+01 2.970609e+01 8.828083e-01 1.513695e+00 1.581218e+00 1.710455e+00 1.767170e+00 2.300365e+00 2.467219e+00 2.238130e+00 2.761640e+00 1.575404e+00 1.612342e+00 1.569864e+00 1.060416e+00 2.606366e-01 1.393169e-01 2.951386e-01 2.910072e-01 4.583113e-01 2.704029e-01 3.827360e-01 5.075970e-01 5.963657e-01 6.102769e-01 1.953593e-01 2.836198e-01 1.075448e-01
<GCONST> 1.087765e+02
<STATE> 4
<MEAN> 39
 -8.962876e+00 2.903028e+00 4.838290e+00 7.471797e+00 8.410767e+00 -1.060683e+01 -1.121224e+01 -4.741977e-01 -1.143003e+01 -8.281798e+00 -1.407355e+00 -5.654418e+00 7.769334e+01 -2.698492e-01 1.283417e+00 -1.987932e-01 -6.200101e-01 -1.184135e+00 1.239137e+00 1.393443e+00 -5.801541e-01 5.990116e-01 6.987608e-01 -7.815726e-01 -1.926877e-01 -1.397114e+00 -1.395608e-01 -4.795744e-01 -5.180823e-02 -1.572575e-01 1.119167e-01 2.313738e-02 8.437758e-02 -4.112609e-02 -2.472576e-01 -2.057389e-01 -1.969606e-01 -1.587508e-01 3.593406e-01
<VARIANCE> 39
 2.040911e+01 4.038122e+01 6.808865e+01 5.782563e+01 4.497254e+01 3.555602e+01 3.950991e+01 5.145223e+01 2.353688e+01 2.087679e+01 2.580632e+01 3.136449e+01 5.154385e+01 2.307848e+00 4.040937e+00 2.201396e+00 2.243042e+00 2.470841e+00 1.825635e+00 2.813818e+00 8.942028e-01 2.773722e+00 2.228715e+00 1.995573e+00 2.526771e+00 4.447499e+00 4.818024e-01 5.617763e-01 3.008782e-01 5.025358e-01 5.335271e-01 3.284090e-01 6.264675e-01 2.800221e-01 3.486948e-01 4.997194e-01 3.459362e-01 3.834495e-01 7.949405e-01
<GCONST> 1.190158e+02
<TRANSP> 5
 0.000000e+00 1.000000e+00 0.000000e+00 0.000000e+00 0.000000e+00
 0.000000e+00 6.723953e-01 3.276047e-01 0.000000e+00 0.000000e+00
 0.000000e+00 0.000000e+00 7.050179e-01 2.949821e-01 0.000000e+00
 0.000000e+00 0.000000e+00 0.000000e+00 5.959995e-01 4.040005e-01
 0.000000e+00 0.000000e+00 0.000000e+00 0.000000e+00 0.000000e+00
<ENDHMM>
~h "y"
<BEGINHMM>
<NUMSTATES> 5
<STATE> 2
<MEAN> 39
 -1.093716e+01 6.039729e+00 -1.383248e+00 -3.999967e+00 -3.600158e+00 -9.660054e+00 -3.896318e+00 -3.414482e-01 -7.308041e+00 -1.008391e+01 -2.410026e+00 -6.602986e+00 7.277533e+01 3.397029e+00 8.797851e-01 -7.486637e-01 5.124053e-01 -1.354806e+00 -3.070015e+00 -7.101066e-01 9.198765e-01 -5.403635e-01 -2.167101e+00 2.351862e-01 -3.812502e-01 2.605417e+00 3.068348e-01 -6.922225e-01 -6.585713e-01 -1.024497e-02 -4.226822e-01 -2.015619e-01 2.923603e-01 2.175980e-01 -2.457356e-01 -8.040867e-02 1.004448e-01 1.875956e-01 3.389838e-01
<VARIANCE> 39
 4.522129e+01 2.884386e+01 1.988794e+01 1.427510e+01 2.710310e+01 3.899266e+01 4.524166e+01 1.539265e+01 1.866185e+01 2.344067e+01 1.110375e+01 1.373856e+01 2.945832e+01 1.948710e+00 8.337517e+00 3.865984e+00 2.429857e+00 3.250068e+00 8.333725e-01 4.030646e+00 1.643443e+00 2.053876e+00 1.929611e+00 2.303216e+00 1.753457e+00 2.358555e+00 5.725045e-01 1.478668e+00 3.867972e-01 3.663284e-01 2.323648e-01 5.146194e-01 7.518980e-01 1.819464e-01 3.322484e-01 7.788417e-01 3.472127e-01 4.387481e-01 4.268997e-01
<GCONST> 1.137274e+02
<STATE> 3
<MEAN> 39
 1.169916e+00 -1.950909e+00 -1.086001e+01 -2.941738e+00 -1.217181e+01 -1.777889e+01 -5.508531e-01 5.943343e+00 -9.536922e+00 -1.205675e+01 -7.529461e-01 -3.388098e+00 8.458020e+01 8.251718e-01 -1.829528e+00 -1.347401e+00 3.035066e-01 -1.868916e-01 1.382902e-01 3.314842e-01 -5.062976e-02 -8.123827e-02 5.375391e-01 5.802585e-01 1.229989e+00 1.041808e+00 -4.085347e-01 1.108351e-01 3.249105e-01 6.389788e-02 5.254358e-01 3.626375e-01 -2.122527e-01 -4.505278e-01 -1.124809e-01 1.552145e-01 1.173638e-01 5.209269e-02 -3.084447e-01
<VARIANCE> 39
 1.263972e+01 3.412893e+01 3.523500e+01 1.616245e+01 3.214307e+01 1.811807e+01 2.934805e+01 1.915748e+01 1.922294e+01 2.213036e+01 1.587907e+01 2.758401e+01 1.834267e+01 1.711508e+00 1.139752e+00 1.309919e+00 1.852879e+00 1.687904e+00 2.077981e+00 1.933704e+00 2.772362e+00 1.433176e+00 2.516587e+00 1.486479e+00 1.520030e+00 1.163344e+00 3.204537e-01 3.661444e-01 2.397741e-01 4.310422e-01 2.905531e-01 3.969420e-01 4.404061e-01 3.182411e-01 2.585813e-01 8.122637e-01 3.755824e-01 3.030455e-01 1.663999e-01
<GCONST> 1.045064e+02
<STATE> 4
<MEAN> 39
 -2.588844e+00 -7.775506e+00 -4.724877e+00 4.488688e+00 5.770226e+00 -1.949980e+01 -1.202457e+01 -2.223365e+00 -2.033683e+01 -1.130894e+01 6.984375e+00 -1.119328e+00 8.835508e+01 -2.183921e-01 2.453239e-02 3.782036e-01 -2.096816e-01 2.684012e-01 -1.467710e-01 -2.416299e-01 -3.103118e-02 -2.764175e-01 -2.781011e-01 1.244489e-01 -9.813844e-02 1.287448e-01 -9.512214e-03 8.735612e-02 -1.314244e-02 -1.400498e-01 -7.484687e-02 3.651749e-03 9.790984e-02 1.316813e-01 1.414104e-01 -1.599541e-02 -1.876945e-01 -1.158852e-01 -4.338691e-02
<VARIANCE> 39
 1.777820e+01 1.555733e+01 5.894724e+01 3.686138e+01 1.309928e+02 3.531790e+01 4.098849e+01 4.727037e+01 4.548242e+01 2.226027e+01 1.376120e+01 4.629026e+01 1.120464e+01 6.991447e-01 3.913571e-01 2.562927e+00 3.274489e+00 9.292683e+00 1.572409e+00 2.942216e+00 3.555894e+00 3.204515e+00 1.810173e+00 1.744592e+00 4.781199e+00 1.292317e-01 8.627997e-02 7.801577e-02 2.566667e-01 2.503135e-01 7.879941e-01 2.628266e-01 2.960154e-01 5.899628e-01 2.501507e-01 3.413760e-01 2.984799e-01 8.060180e-01 2.560201e-02
<GCONST> 1.058636e+02
<TRANSP> 5
 0.000000e+00 1.000000e+00 0.000000e+00 0.000000e+00 0.000000e+00
 0.000000e+00 6.984712e-01 3.015288e-01 0.000000e+00 0.000000e+00
 0.000000e+00 0.000000e+00 8.678988e-01 1.321012e-01 0.000000e+00
 0.000000e+00 0.000000e+00 0.000000e+00 9.491481e-01 5.085189e-02
 0.000000e+00 0.000000e+00 0.000000e+00 0.000000e+00 0.000000e+00
<ENDHMM>
~h "ay"
<BEGINHMM>
<NUMSTATES> 5
<STATE> 2
<MEAN> 39
 -2.378293e+01 -3.987534e+00 7.191488e+00 -1.149043e+01 -6.948228e+00 -4.740419e-01 8.818439e-02 -6.675105e+00 -1.495064e+01 -4.217959e+00 -3.619467e+00 -7.114901e+00 7.235938e+01 -2.913062e+00 -3.646236e+00 4.094512e+00 -1.564340e+00 -3.349126e-01 3.604072e-01 1.242924e+00 2.863576e-01 -1.245644e+00 8.327412e-01 1.279460e+00 8.431707e-02 3.500901e+00 -3.175797e-01 3.818483e-01 -8.806711e-02 3.086159e-01 7.414512e-02 -1.360117e-01 -3.460300e-01 4.378005e-01 4.984291e-01 -2.386574e-01 -5.124367e-02 1.392892e-01 2.270126e-01
<VARIANCE> 39
 1.862037e+01 2.323223e+01 2.905010e+01 1.475252e+01 2.391539e+01 1.711306e+01 3.934469e+01 1.647697e+01 2.177785e+01 2.419650e+01 1.230773e+01 2.217081e+01 2.210699e+01 6.996185e-01 1.480188e+00 9.247629e-01 1.235700e+00 1.108003e+00 1.236364e+00 1.604088e+00 1.415865e+00 1.738069e+00 1.764744e+00 1.665467e+00 1.546046e+00 7.230666e-01 2.212645e-01 5.023803e-01 6.322775e-01 2.658567e-01 2.373896e-01 1.445209e-01 3.707566e-01 2.625279e-01 4.228817e-01 3.450215e-01 2.513275e-01 2.764544e-01 2.554347e-01
<GCONST> 9.867554e+01
<STATE> 3
<MEAN> 39
 -3.331281e+01 -8.840239e+00 1.502338e+01 -1.294502e+01 -7.176996e+00 1.095332e+00 1.064597e+00 -2.800534e+00 -1.303883e+01 -3.621733e+00 -9.262379e-01 -5.099544e+00 8.396234e+01 -8.698146e-01 -1.761311e-01 -2.961100e-01 -2.887408e-01 1.712297e-01 3.892328e-01 -1.444576e-01 7.866586e-02 1.988367e-01 2.757418e-01 1.377729e-01 4.520492e-01 1.517333e+00 6.352314e-01 3.411857e-01 -7.291237e-01 5.325213e-02 1.587692e-01 -9.575448e-02 -1.731597e-01 -2.934892e-01 -1.515801e-02 5.851327e-03 -2.930604e-01 -2.118917e-02 -4.771509e-01
<VARIANCE> 39
 7.808195e+00 1.004023e+01 1.079459e+01 1.141164e+01 1.952324e+01 2.109624e+01 2.534659e+01 1.306433e+01 1.324058e+01 1.861994e+01 1.976011e+01 1.754333e+01 1.291378e+01 1.333803e+00 5.661141e-01 2.765786e+00 9.651576e-01 9.441082e-01 7.534676e-01 1.024875e+00 1.521495e+00 1.420412e+00 1.386016e+00 1.412757e+00 9.029989e-01 7.668038e-01 1.809504e-01 2.290583e-01 2.288946e-01 2.532050e-01 1.159285e-01 1.795657e-01 1.862067e-01 2.025944e-01 3.064767e-01 2.613979e-01 3.069293e-01 1.904126e-01 6.254208e-02
<GCONST> 8.673325e+01
<STATE> 4
<MEAN> 39
 -2.991983e+01 -8.555929e+00 6.613612e+00 -1.436449e+01 -4.275522e+00 9.273396e-01 -8.158960e-01 -6.792733e+00 -1.376956e+01 -2.454229e+00 -3.771921e+00 -3.754935e+00 8.582739e+01 4.626467e+00 1.693665e+00 -1.422154e+00 1.208237e+00 2.887340e-01 -1.552428e+00 -5.960532e-01 -2.011680e-01 8.758152e-01 -9.846598e-01 -1.884372e+00 -6.771406e-01 -1.032016e+00 1.489445e+00 6.586788e-01 1.917172e-01 6.620115e-01 -4.892759e-01 -9.132861e-01 -4.021813e-03 7.190745e-01 2.724773e-01 -5.375875e-01 -2.023380e-01 -6.680145e-01 -3.260006e-02
<VARIANCE> 39
 2.894469e+01 9.203852e+00 8.766772e+00 1.388519e+01 2.252372e+01 2.859072e+01 3.416399e+01 2.000007e+01 1.631821e+01 1.962987e+01 1.279362e+01 2.389203e+01 7.405982e+00 6.354630e+00 2.681057e+00 1.208246e+00 1.616442e+00 1.511603e+00 2.162247e+00 1.347751e+00 2.330232e+00 2.295036e+00 1.563351e+00 1.562892e+00 2.046996e+00 6.880323e-01 4.621211e-01 2.612941e-01 2.037023e-01 2.104269e-01 2.873209e-01 2.832528e-01 3.770794e-01 3.126370e-01 4.561450e-01 2.910258e-01 4.233442e-01 3.666883e-01 3.379532e-01
<GCONST> 1.015755e+02
<TRANSP> 5
 0.000000e+00 1.000000e+00 0.000000e+00 0.000000e+00 0.000000e+00
 0.000000e+00 6.203849e-01 3.796151e-01 0.000000e+00 0.000000e+00
 0.000000e+00 0.000000e+00 8.502810e-01 1.497190e-01 0.000000e+00
 0.000000e+00 0.000000e+00 0.000000e+00 6.977519e-01 3.022481e-01
 0.000000e+00 0.000000e+00 0.000000e+00 0.000000e+00 0.000000e+00
<ENDHMM>
~h "ny"
<BEGINHMM>
<NUMSTATES> 5
<STATE> 2
<MEAN> 39
 -9.564282e+00 -5.544815e-01 -3.022151e+00 1.314624e+00 4.711920e-02 -1.231232e+00 -1.882320e+00 -7.532472e+00 -1.360236e+01 -6.350600e+00 -3.898499e+00 -1.422568e+00 7.180460e+01 -1.992437e-01 1.907788e+00 2.738996e-01 -8.203515e-02 -3.755006e-01 6.734296e-01 -1.201840e+00 3.938288e-01 -1.746541e-02 -6.767210e-01 5.232941e-01 3.595166e-01 -1.285450e+00 -1.920339e-02 4.072042e-01 8.272880e-02 -1.079794e-01 4.515565e-01 3.233100e-02 1.251790e-01 8.754402e-02 3.755914e-01 2.910794e-01 9.474146e-02 -7.394984e-02 8.006679e-02
<VARIANCE> 39
 2.539175e+00 2.639860e+01 5.707764e+00 7.246992e+00 2.168759e+01 1.212670e+01 1.395347e+01 6.555264e+00 9.096133e+00 8.306976e+00 9.196552e+00 4.175790e+00 7.826631e+00 1.257466e-01 1.232368e+00 4.217514e-01 8.193374e-01 2.420801e+00 6.720679e-01 4.529295e-01 8.707116e-01 1.505924e+00 1.130204e+00 5.397400e-01 3.031415e-01 7.183472e-02 2.361367e-02 5.352021e-01 6.416759e-02 1.352971e-01 3.691865e-01 1.957073e-01 1.558623e-01 1.669764e-01 2.297861e-01 1.540179e-01 1.749425e-01 8.200385e-02 1.449256e-02
<GCONST> 6.522726e+01
<STATE> 3
<MEAN> 39
 -1.116033e+01 8.782127e+00 -1.544597e-01 -4.550926e-01 7.021235e-01 1.808227e+00 -3.546363e+00 -3.588175e+00 -9.923108e+00 -6.749631e+00 -3.393246e+00 -4.073980e+00 6.802609e+01 -3.677155e-01 8.507692e-01 6.779177e-01 -1.983193e-02 -1.151958e-01 2.699802e-01 2.664833e-01 5.070797e-01 7.106438e-01 2.318910e-01 -3.138916e-01 -8.579488e-01 -5.120977e-01 -1.850592e-02 -2.922028e-01 -5.790479e-02 -8.944830e-03 -2.340635e-02 -8.654638e-02 6.317684e-02 -4.640256e-02 -8.464649e-02 -2.995764e-02 -1.244258e-01 -3.544175e-02 1.136004e-01
<VARIANCE> 39
 4.259252e+00 7.059793e+00 8.232719e+00 1.203931e+01 1.223790e+01 4.879408e+00 1.221096e+01 6.704263e+00 9.462074e+00 9.672791e+00 1.102067e+01 1.087675e+01 6.079905e+00 2.317486e-01 6.957950e-01 3.929017e-01 5.732754e-01 7.542591e-01 6.021300e-01 1.329199e+00 7.811305e-01 8.872171e-01 6.941286e-01 6.544217e-01 4.946745e-01 1.119337e-01 4.713622e-02 7.389523e-02 1.042356e-01 1.352981e-01 1.356798e-01 7.541996e-02 2.409979e-01 1.763554e-01 1.395803e-01 1.225518e-01 1.302652e-01 1.363769e-01 1.441771e-02
<GCONST> 6.141034e+01
<STATE> 4
<MEAN> 39
 -1.436417e+01 8.791976e+00 -5.454503e-01 -2.505138e+00 -1.168720e+00 8.862404e-01 -4.338030e+00 -3.080721e+00 -8.695065e+00 -6.961364e+00 -4.918246e+00 -5.936381e+00 6.481532e+01 -2.292120e-01 -9.375495e-02 -1.889873e-01 -2.523022e-01 -1.964185e-01 -1.301485e-01 -1.478374e-01 -4.903261e-02 -1.068711e-01 -1.836801e-01 -8.586624e-02 1.757953e-02 -1.373645e-01 1.368426e-02 -4.440959e-02 -2.911356e-02 3.677156e-04 7.344867e-03 -7.728587e-03 -2.109362e-02 -6.235602e-02 -4.893690e-02 -4.545970e-03 4.007311e-03 1.373829e-02 1.995320e-02
<VARIANCE> 39
 5.531960e+00 2.624977e+00 6.122792e+00 6.055405e+00 6.380073e+00 5.363480e+00 8.800549e+00 9.570027e+00 8.193095e+00 8.428479e+00 1.297584e+01 1.311111e+01 3.888176e+00 1.226049e-01 2.036411e-01 2.511573e-01 3.945641e-01 5.548943e-01 6.024671e-01 5.419337e-01 7.588347e-01 5.521286e-01 5.550261e-01 7.317979e-01 6.026165e-01 2.832428e-02 2.288797e-02 4.999651e-02 4.905111e-02 7.737651e-02 1.221359e-01 1.222380e-01 1.096770e-01 1.393534e-01 9.804587e-02 1.053963e-01 1.516460e-01 1.295902e-01 6.362522e-03
<GCONST> 4.881832e+01
<TRANSP> 5
 0.000000e+00 1.000000e+00 0.000000e+00 0.000000e+00 0.000000e+00
 0.000000e+00 7.888988e-01 2.111012e-01 0.000000e+00 0.000000e+00
 0.000000e+00 0.000000e+00 8.238636e-01 1.761365e-01 0.000000e+00
 0.000000e+00 0.000000e+00 0.000000e+00 9.366007e-01 6.339929e-02
 0.000000e+00 0.000000e+00 0.000000e+00 0.000000e+00 0.000000e+00
<ENDHMM>
~h "sp"
<BEGINHMM>
<NUMSTATES> 3
<STATE> 2
~s "silst"
<TRANSP> 3
 0.000000e+00 1.795036e-01 8.204964e-01
 0.000000e+00 9.186893e-01 8.131064e-02
 0.000000e+00 0.000000e+00 0.000000e+00
<ENDHMM>
~h "sil"
<BEGINHMM>
<NUMSTATES> 5
<STATE> 2
<MEAN> 39
 -1.625276e+01 6.874590e+00 -2.881583e+00 -5.554734e+00 -4.152900e+00 -2.202511e+00 -5.262026e+00 -3.500847e+00 -9.153871e+00 -8.538733e+00 -5.968834e+00 -6.849090e+00 6.474044e+01 -1.480169e-04 2.006393e-02 -7.411037e-03 2.132254e-02 -4.321634e-02 1.595351e-02 1.723949e-02 5.141467e-03 -3.713057e-02 4.705432e-02 -5.900813e-03 -3.869555e-02 -8.203037e-02 1.211614e-03 -1.651499e-02 -5.408857e-03 -3.071626e-03 2.124059e-02 8.968377e-03 1.224283e-03 -2.491623e-03 6.524818e-03 6.592507e-04 9.952323e-03 1.959815e-02 1.302291e-02
<VARIANCE> 39
 4.863596e+00 9.062550e+00 7.889568e+00 1.421088e+01 1.114877e+01 1.046835e+01 1.208533e+01 1.143775e+01 1.633866e+01 1.254973e+01 1.329034e+01 1.084405e+01 5.208619e+00 1.101991e-01 1.802712e-01 2.864999e-01 4.706399e-01 5.224769e-01 6.224481e-01 6.569902e-01 6.908308e-01 6.858120e-01 7.378632e-01 6.889216e-01 6.244627e-01 5.263102e-02 1.766403e-02 3.484534e-02 5.339403e-02 8.029737e-02 1.039541e-01 1.169726e-01 1.267485e-01 1.376427e-01 1.338429e-01 1.370299e-01 1.406182e-01 1.209030e-01 7.492779e-03
<GCONST> 5.524041e+01
<STATE> 3
~s "silst"
<STATE> 4
<MEAN> 39
 -1.869929e+01 5.896568e+00 -3.095562e+00 -8.132229e+00 -3.481534e+00 -1.628879e+00 -7.018026e+00 -4.091332e+00 -7.946198e+00 -9.653080e+00 -5.002471e+00 -6.638125e+00 6.694948e+01 -1.158969e-01 9.720918e-02 4.572285e-02 -2.785929e-01 -3.352499e-02 2.648445e-02 -4.916251e-02 -1.442648e-01 7.204954e-02 -1.279944e-01 1.916849e-01 -3.594889e-02 1.602730e-01 8.059967e-02 7.975427e-03 -1.087260e-02 5.241568e-02 -2.538187e-02 -1.400299e-02 3.216331e-02 -4.037005e-02 -5.589301e-02 7.722923e-02 1.372741e-02 -1.095900e-02 -7.545624e-02
<VARIANCE> 39
 1.858361e+01 2.017973e+01 1.562612e+01 1.645124e+01 1.597013e+01 1.575831e+01 2.316638e+01 1.548333e+01 2.869835e+01 1.640744e+01 2.070104e+01 1.527654e+01 1.166700e+01 1.795176e+00 1.521614e+00 1.332888e+00 1.530721e+00 1.087333e+00 1.197627e+00 1.850511e+00 1.257895e+00 3.164273e+00 1.456051e+00 1.638508e+00 1.072262e+00 1.507537e+00 3.268566e-01 2.954697e-01 2.621035e-01 2.420921e-01 2.067142e-01 2.329294e-01 3.723064e-01 2.412800e-01 5.642664e-01 2.250123e-01 2.982999e-01 1.986568e-01 2.416807e-01
<GCONST> 9.741257e+01
<TRANSP> 5
 0.000000e+00 1.000000e+00 0.000000e+00 0.000000e+00 0.000000e+00
 0.000000e+00 9.191633e-01 5.165794e-02 2.917874e-02 0.000000e+00
 0.000000e+00 0.000000e+00 8.209699e-01 1.790301e-01 0.000000e+00
 0.000000e+00 8.009026e-02 0.000000e+00 7.477643e-01 1.721455e-01
 0.000000e+00 0.000000e+00 0.000000e+00 0.000000e+00 0.000000e+00
<ENDHMM>
