~o
<STREAMINFO> 1 39
<VECSIZE> 39<NULLD><MFCC_D_A_0><DIAGC>
~s "silst"
<MEAN> 39
 -1.672942e+01 2.867479e+00 -2.435325e+00 -3.069005e+00 -2.686597e+00 -2.319393e+00 -6.483327e+00 -2.317086e+00 -6.766891e+00 -4.448018e+00 -3.022894e+00 -4.060304e+00 6.455859e+01 -4.959425e-02 -2.873239e-02 -4.572379e-03 1.614843e-02 1.273052e-03 1.201977e-03 -3.168876e-03 9.936126e-04 2.179182e-03 6.876640e-03 -2.031249e-02 -8.426531e-03 -4.196665e-02 -2.429790e-03 -4.352601e-03 5.131842e-03 -1.582475e-02 2.304211e-03 -1.533925e-02 -1.100877e-02 -1.006428e-02 -1.038793e-02 -2.067294e-03 5.999259e-03 4.946225e-03 1.720042e-02
<VARIANCE> 39
 3.026917e+00 9.220386e+00 7.032871e+00 8.738631e+00 8.880804e+00 7.419471e+00 1.038359e+01 9.009197e+00 9.444823e+00 9.860698e+00 8.672587e+00 8.143639e+00 2.801670e+01 1.062973e-01 2.010701e-01 3.343821e-01 4.867770e-01 5.632261e-01 6.570857e-01 7.505577e-01 7.700322e-01 8.338928e-01 7.722114e-01 7.394646e-01 6.771680e-01 4.016503e-02 2.139948e-02 4.228994e-02 6.901105e-02 9.801495e-02 1.155065e-01 1.351850e-01 1.533786e-01 1.578636e-01 1.743983e-01 1.585059e-01 1.520900e-01 1.392662e-01 8.411412e-03
<GCONST> 5.631999e+01
~h "a"
<BEGINHMM>
<NUMSTATES> 5
<STATE> 2
<MEAN> 39
 -4.792138e+00 -2.150968e+00 -6.261013e+00 -8.134423e+00 -6.582888e+00 -1.361237e+01 -3.453116e+00 6.675284e-01 -1.529467e+01 -1.852211e+00 6.853828e-01 -4.601072e+00 8.284621e+01 -2.436586e-01 2.124637e-02 -7.901986e-02 -1.894757e-01 3.493630e-03 5.863777e-01 2.539131e-01 4.223243e-02 3.261485e-01 2.429287e-01 1.877140e-01 1.967184e-01 -5.487452e-01 -1.589826e-01 1.342884e-01 1.363012e-01 5.036396e-02 9.231798e-02 1.358071e-01 -1.321991e-01 -9.805500e-02 1.198025e-01 -1.250783e-01 -9.790190e-02 -9.324783e-03 -1.774168e-01
<VARIANCE> 39
 2.224324e+01 2.103099e+01 2.713250e+01 2.139986e+01 3.605283e+01 6.916372e+01 4.728223e+01 5.405651e+01 6.501606e+01 5.469019e+01 2.749919e+01 2.680353e+01 1.156047e+02 5.832044e-01 1.320267e+00 1.410053e+00 1.167615e+00 1.426658e+00 2.157430e+00 1.648528e+00 1.796991e+00 2.315979e+00 1.712911e+00 1.437597e+00 1.520419e+00 1.590131e+00 1.242104e-01 1.898179e-01 2.538149e-01 1.894041e-01 2.747258e-01 3.594648e-01 2.668095e-01 3.204103e-01 3.779099e-01 2.947019e-01 2.408025e-01 2.804257e-01 1.648633e-01
<GCONST> 1.062077e+02
<STATE> 3
<MEAN> 39
 -8.422694e+00 -9.314586e-01 -7.090493e+00 -8.888195e+00 -3.602145e+00 -5.934301e+00 -2.597704e+00 -2.204505e+00 -9.417482e+00 -1.433037e+00 1.526749e+00 -3.316911e+00 8.140308e+01 -2.146305e-01 3.539319e-01 1.075997e-01 3.159721e-02 1.067510e-02 2.798814e-01 -2.184198e-01 -1.203836e-01 1.591550e-01 -3.101826e-01 -1.284087e-01 1.502452e-01 -6.958616e-01 1.281711e-02 1.718770e-01 1.871471e-01 1.198433e-01 7.959498e-02 -1.508706e-01 -1.458899e-01 -5.033386e-02 -1.229506e-01 -8.629183e-02 -9.047020e-02 -2.602133e-02 -7.220344e-02
<VARIANCE> 39
 1.430594e+01 1.871377e+01 2.488782e+01 2.186933e+01 3.658452e+01 3.827620e+01 5.728415e+01 3.480848e+01 3.234703e+01 3.616373e+01 2.451292e+01 2.514409e+01 1.438615e+02 3.450493e-01 8.746686e-01 1.096684e+00 9.185451e-01 1.302593e+00 1.324162e+00 1.449429e+00 1.359807e+00 1.577817e+00 1.238430e+00 1.333191e+00 1.231654e+00 5.892054e-01 5.491566e-02 1.383543e-01 1.526171e-01 1.818133e-01 2.049380e-01 2.313821e-01 2.545465e-01 2.274693e-01 2.593033e-01 2.060222e-01 2.230631e-01 2.246747e-01 1.093040e-01
<GCONST> 9.503725e+01
<STATE> 4
<MEAN> 39
 -1.254255e+01 3.634344e+00 -4.276502e+00 -7.119518e+00 -5.023757e+00 -4.774823e+00 -6.298687e+00 -2.959159e+00 -9.119637e+00 -4.149098e+00 -1.027893e+00 -3.006947e+00 6.946516e+01 -2.758888e-01 2.535842e-01 2.017505e-01 2.058302e-01 6.879273e-02 -4.733516e-02 -2.388691e-01 -3.220774e-02 5.566708e-02 -1.203787e-01 -1.059523e-01 -1.053343e-01 -4.179125e-01 2.109953e-02 -3.548962e-02 3.768254e-02 7.674245e-02 6.843172e-02 -1.282552e-02 7.230660e-02 -1.445550e-02 -1.978284e-02 2.124973e-02 -1.222666e-02 -4.150861e-02 7.806091e-02
<VARIANCE> 39
 2.156908e+01 2.238752e+01 1.665897e+01 1.980169e+01 2.805313e+01 3.920895e+01 2.754572e+01 2.753727e+01 2.437113e+01 2.450410e+01 1.994460e+01 1.565511e+01 7.842442e+01 4.876251e-01 9.497053e-01 1.069983e+00 1.083347e+00 1.221372e+00 1.457710e+00 1.560132e+00 1.505029e+00 1.490357e+00 1.306198e+00 1.237379e+00 1.002605e+00 4.664474e-01 1.099182e-01 2.143397e-01 2.198204e-01 2.240889e-01 2.444477e-01 3.170156e-01 2.940851e-01 3.168234e-01 3.045712e-01 2.547919e-01 2.486801e-01 2.245993e-01 1.634719e-01
<GCONST> 9.577363e+01
<TRANSP> 5
 0.000000e+00 1.000000e+00 0.000000e+00 0.000000e+00 0.000000e+00
 0.000000e+00 7.114870e-01 2.885131e-01 0.000000e+00 0.000000e+00
 0.000000e+00 0.000000e+00 6.625638e-01 3.374362e-01 0.000000e+00
 0.000000e+00 0.000000e+00 0.000000e+00 7.447109e-01 2.552891e-01
 0.000000e+00 0.000000e+00 0.000000e+00 0.000000e+00 0.000000e+00
<ENDHMM>
~h "b"
<BEGINHMM>
<NUMSTATES> 5
<STATE> 2
<MEAN> 39
 -1.894820e+01 3.457603e+00 3.018409e+00 -1.137822e+01 5.921569e+00 -5.543647e+00 -1.222346e+01 -6.205275e+00 -8.016326e+00 -9.189208e-01 -1.246722e+00 -4.584914e+00 7.910841e+01 -1.603214e-01 2.711958e-01 6.883967e-01 -1.394050e-01 3.996652e-01 2.496838e-01 2.328342e-02 -2.669494e-01 -4.316250e-01 -2.469999e-01 -2.408909e-01 1.502316e-01 -1.112378e-02 2.083553e-01 -8.231081e-02 -1.154469e-01 3.097193e-01 6.235784e-03 -1.080982e-01 1.082387e-01 -4.475150e-02 -1.938544e-01 -3.189196e-02 -3.749564e-02 -1.040151e-01 1.156525e-01
<VARIANCE> 39
 1.400206e+02 4.074593e+01 4.786478e+01 7.826568e+01 3.767439e+01 5.004970e+01 3.425953e+01 3.755767e+01 4.943426e+01 3.581279e+01 2.596303e+01 2.065786e+01 9.985838e+01 9.847296e+00 3.117842e+00 3.398900e+00 6.495275e+00 3.855556e+00 3.764426e+00 2.984532e+00 3.684590e+00 5.193266e+00 2.864187e+00 1.706409e+00 1.472805e+00 3.995290e+00 1.022214e+00 6.710982e-01 6.420498e-01 7.675273e-01 6.148682e-01 8.445964e-01 6.292703e-01 6.940768e-01 7.164389e-01 4.741610e-01 3.209428e-01 2.794602e-01 8.038643e-01
<GCONST> 1.319445e+02
<STATE> 3
<MEAN> 39
 -6.787688e+00 8.607491e+00 4.196216e+00 -2.439629e+00 6.954885e+00 -4.640729e+00 -1.031202e+01 -5.700397e+00 -1.179616e+01 -4.072900e+00 -4.617159e+00 -6.701307e+00 7.648919e+01 -4.036660e-02 -7.144823e-01 -3.194371e-01 1.187160e+00 5.283560e-01 -6.914052e-01 -3.185320e-02 -4.810550e-02 -7.846913e-02 -4.360139e-01 -4.585907e-04 -1.681994e-01 5.639377e-01 -1.263902e-01 -4.903248e-01 -8.063850e-02 8.030580e-02 -9.285021e-02 -4.665632e-01 -1.258600e-01 1.526051e-01 -1.510624e-01 -2.650827e-01 7.372488e-02 -5.139776e-02 2.746695e-01
<VARIANCE> 39
 7.157309e+00 3.630605e+01 2.726394e+01 2.064398e+01 2.871606e+01 3.938043e+01 4.416191e+01 4.919317e+01 6.872310e+01 3.117498e+01 2.717122e+01 2.136864e+01 9.400865e+01 1.505695e+00 5.614714e+00 3.178773e+00 3.566559e+00 2.764707e+00 6.503938e+00 3.235067e+00 5.058250e+00 5.323391e+00 2.801394e+00 2.203883e+00 2.010631e+00 3.970791e+00 3.020582e-01 6.409688e-01 6.443045e-01 6.422987e-01 4.377286e-01 1.068236e+00 5.804097e-01 1.015093e+00 1.244280e+00 5.697148e-01 3.507997e-01 3.688280e-01 6.568910e-01
<GCONST> 1.260562e+02
<STATE> 4
<MEAN> 39
 -5.037075e+00 -6.166086e-01 1.256119e+00 1.096486e+00 7.100309e+00 -1.416782e+01 -1.230761e+01 -4.857148e+00 -1.700341e+01 -9.469660e+00 -3.056015e+00 -9.229152e+00 8.472031e+01 -9.949876e-02 -1.598640e-01 4.012917e-01 2.336301e-01 -7.275136e-02 -3.248906e-01 -5.707941e-02 4.735466e-01 -4.186184e-02 -1.624973e-01 -1.289823e-01 -7.828968e-02 -2.362247e-01 -3.112707e-02 2.622354e-01 8.610399e-02 -2.732700e-01 -2.867946e-01 3.811291e-01 1.282644e-01 7.351717e-02 2.750119e-01 1.812501e-01 -1.766494e-02 9.935665e-02 -2.207301e-01
<VARIANCE> 39
 1.123289e+01 1.815975e+01 3.016764e+01 6.227200e+01 5.461208e+01 4.928491e+01 7.274895e+01 5.868095e+01 1.079794e+02 8.103809e+01 7.243770e+01 2.915344e+01 2.165456e+01 8.119928e-01 2.720095e+00 2.176606e+00 3.560344e+00 3.746139e+00 9.443903e+00 3.749437e+00 3.083098e+00 5.762294e+00 3.719743e+00 2.406868e+00 1.778591e+00 3.024982e+00 1.286963e-01 2.313821e-01 4.216807e-01 4.476879e-01 7.487546e-01 9.701391e-01 6.371206e-01 6.285512e-01 7.092198e-01 6.663983e-01 4.902036e-01 3.115017e-01 1.842797e-01
<GCONST> 1.243416e+02
<TRANSP> 5
 0.000000e+00 1.000000e+00 0.000000e+00 0.000000e+00 0.000000e+00
 0.000000e+00 6.755133e-01 3.244868e-01 0.000000e+00 0.000000e+00
 0.000000e+00 0.000000e+00 7.625820e-01 2.374180e-01 0.000000e+00
 0.000000e+00 0.000000e+00 0.000000e+00 7.340966e-01 2.659034e-01
 0.000000e+00 0.000000e+00 0.000000e+00 0.000000e+00 0.000000e+00
<ENDHMM>
~h "d"
<BEGINHMM>
<NUMSTATES> 5
<STATE> 2
<MEAN> 39
 -1.316284e+01 1.533158e+00 6.634810e+00 -7.083303e+00 -3.825027e+00 -9.738317e+00 -6.182687e+00 -6.020777e+00 -1.236622e+01 -7.071939e+00 -6.033326e+00 -3.955421e+00 8.080505e+01 4.667902e+00 2.035279e+00 -1.498922e+00 -1.665784e-01 -1.625921e+00 -7.254795e-01 2.550615e-01 1.277195e-02 -2.043020e+00 -1.216589e+00 1.908869e-02 -6.620530e-01 7.125363e-01 -6.480242e-01 -7.041277e-01 -7.488462e-01 -4.851817e-01 -7.081066e-02 -1.002925e-01 -2.735566e-01 2.638134e-01 4.053649e-01 6.141075e-01 5.163138e-01 -9.690424e-03 5.762893e-01
<VARIANCE> 39
 3.402488e+01 2.477850e+01 3.563350e+01 1.737902e+01 2.561057e+01 3.890419e+01 3.605190e+01 4.786662e+01 4.429512e+01 2.434966e+01 2.432319e+01 2.487071e+01 1.146521e+02 3.567398e+00 2.749235e+00 2.563442e+00 2.937719e+00 2.902355e+00 4.531560e+00 4.183698e+00 5.124437e+00 7.149358e+00 3.069981e+00 2.642033e+00 2.883235e+00 1.118107e+00 5.591995e-01 6.582734e-01 4.285148e-01 3.881552e-01 4.984607e-01 5.448888e-01 7.869815e-01 7.586629e-01 1.469153e+00 5.673921e-01 4.765205e-01 3.817357e-01 2.147034e-01
<GCONST> 1.244684e+02
<STATE> 3
<MEAN> 39
 -5.648966e+00 -4.692021e-01 -1.932295e+00 -9.221910e+00 -9.236110e+00 -1.344608e+01 -7.201371e+00 -3.760855e+00 -1.341752e+01 -6.949020e+00 -3.320378e+00 -5.227565e+00 8.531542e+01 1.027055e+00 -1.186614e+00 -2.590230e+00 -3.665961e-01 -5.832733e-01 -3.821970e-01 -1.899693e-01 9.689327e-01 4.473876e-01 1.068820e+00 1.423772e+00 2.521565e-01 1.194671e+00 -9.569804e-01 -4.732748e-01 1.718343e-01 1.416743e-01 6.040646e-01 2.510474e-01 -2.369807e-02 8.067451e-02 4.580474e-01 4.883387e-01 1.813190e-01 1.668740e-01 -1.059846e-01
<VARIANCE> 39
 2.103089e+01 1.533072e+01 3.283575e+01 1.795060e+01 3.115606e+01 5.080883e+01 3.958160e+01 5.157660e+01 4.208363e+01 2.895118e+01 2.155976e+01 3.362509e+01 1.056172e+02 2.006049e+00 9.859337e-01 1.958598e+00 1.249352e+00 1.913755e+00 3.301419e+00 2.645697e+00 3.118955e+00 4.427199e+00 2.797469e+00 2.043987e+00 2.398914e+00 6.066701e-01 4.040328e-01 4.057089e-01 3.380825e-01 3.666613e-01 3.125984e-01 4.507565e-01 5.490429e-01 6.737689e-01 9.487647e-01 4.384424e-01 4.074872e-01 5.592675e-01 1.195762e-01
<GCONST> 1.149792e+02
<STATE> 4
<MEAN> 39
 -6.750142e+00 -4.127017e+00 -7.587916e+00 -7.755815e+00 -4.178172e+00 -1.379265e+01 -1.099044e+01 -3.244642e+00 -1.173746e+01 -4.992324e-01 2.869754e+00 -4.834566e+00 8.862870e+01 -1.794832e-01 -1.473259e-01 -4.391019e-02 7.473530e-01 1.248257e+00 -4.929805e-01 -9.337997e-01 -5.278802e-01 -2.978549e-01 3.604618e-01 5.985045e-01 -2.931058e-01 7.429716e-02 -5.601932e-02 2.852544e-01 4.442590e-01 1.301837e-01 1.816146e-01 8.128031e-02 -2.466751e-02 -2.186876e-01 -1.735111e-01 -2.892349e-01 -2.339785e-01 -7.163480e-02 -2.702507e-01
<VARIANCE> 39
 1.918046e+01 1.222062e+01 1.945418e+01 1.414907e+01 3.090376e+01 5.002177e+01 4.954804e+01 3.207109e+01 8.716639e+01 4.043066e+01 1.926281e+01 2.090586e+01 1.212574e+02 2.279830e-01 6.699818e-01 1.411480e+00 8.048549e-01 1.493317e+00 1.318297e+00 1.658631e+00 1.851705e+00 2.689087e+00 1.661285e+00 1.577770e+00 1.747802e+00 3.179634e-01 6.594919e-02 6.748259e-02 1.415099e-01 1.616158e-01 2.223186e-01 4.225867e-01 3.632731e-01 3.387860e-01 4.081261e-01 2.387502e-01 2.591082e-01 3.077025e-01 1.030881e-01
<GCONST> 9.706055e+01
<TRANSP> 5
 0.000000e+00 1.000000e+00 0.000000e+00 0.000000e+00 0.000000e+00
 0.000000e+00 5.083114e-01 4.916887e-01 0.000000e+00 0.000000e+00
 0.000000e+00 0.000000e+00 6.417527e-01 3.582473e-01 0.000000e+00
 0.000000e+00 0.000000e+00 0.000000e+00 8.479069e-01 1.520931e-01
 0.000000e+00 0.000000e+00 0.000000e+00 0.000000e+00 0.000000e+00
<ENDHMM>
~h "e"
<BEGINHMM>
<NUMSTATES> 5
<STATE> 2
<MEAN> 39
 -1.987834e+01 -6.874782e-01 2.100837e-01 -1.053403e+01 -5.486321e-02 -5.832139e+00 -8.315142e+00 -6.611248e+00 -1.062419e+01 -1.611714e+00 -3.076638e-01 -4.478462e+00 8.059386e+01 4.666213e-01 -3.121831e-02 4.781625e-01 4.165406e-02 3.988655e-01 -2.368376e-01 1.562901e-01 -1.812331e-01 -6.330903e-01 -3.609471e-01 -2.099903e-01 -2.400818e-01 1.315722e+00 7.842195e-01 8.064152e-02 -8.355249e-02 3.762175e-01 -1.337883e-01 -2.929945e-01 -1.619729e-01 8.270346e-02 -2.696171e-01 -2.095014e-01 3.851188e-02 1.744189e-02 -1.449420e-01
<VARIANCE> 39
 7.566370e+01 3.514814e+01 7.506176e+01 5.644206e+01 4.474782e+01 4.267331e+01 4.258974e+01 3.972609e+01 4.077111e+01 3.597747e+01 2.413987e+01 1.822403e+01 1.126134e+02 1.126720e+01 3.567199e+00 4.930600e+00 5.355132e+00 3.636045e+00 4.351330e+00 3.242137e+00 3.668478e+00 5.021044e+00 3.144648e+00 2.504282e+00 2.225915e+00 5.908365e+00 1.573013e+00 7.249845e-01 8.018717e-01 1.027427e+00 6.763463e-01 8.138492e-01 7.155215e-01 6.711458e-01 9.467358e-01 6.133025e-01 5.750352e-01 4.313527e-01 8.482258e-01
<GCONST> 1.359674e+02
<STATE> 3
<MEAN> 39
 -8.485465e+00 1.457187e+00 -1.426793e+00 -4.285022e+00 9.628098e-01 -1.059316e+01 -1.016359e+01 -6.317510e+00 -1.581468e+01 -6.201311e+00 -1.424145e+00 -5.791069e+00 8.209489e+01 2.682376e+00 1.173291e-01 -3.854600e-01 1.109034e+00 -3.739102e-01 -1.149754e+00 -9.710763e-02 5.349922e-01 -1.179437e+00 -1.186069e+00 -3.409164e-01 -3.085022e-01 4.853378e-01 -5.704527e-01 -1.296777e-01 -6.406496e-02 -3.192798e-01 -2.386801e-01 3.525407e-01 6.443571e-02 1.883111e-01 5.266513e-01 2.613318e-01 2.133154e-02 1.451951e-01 -3.848302e-01
<VARIANCE> 39
 2.173118e+01 2.262703e+01 2.531191e+01 3.414698e+01 3.648459e+01 4.736061e+01 4.722520e+01 3.928775e+01 6.612222e+01 5.095467e+01 3.674353e+01 1.963063e+01 1.397387e+02 4.762914e+00 3.497787e+00 3.410856e+00 3.183618e+00 3.658572e+00 5.220182e+00 3.681496e+00 2.617085e+00 6.696911e+00 4.545170e+00 3.975486e+00 2.449439e+00 4.087565e+00 7.727160e-01 4.563651e-01 6.179634e-01 5.061041e-01 7.010663e-01 8.156090e-01 5.415128e-01 4.585972e-01 1.074287e+00 6.482877e-01 6.892138e-01 3.593374e-01 6.248810e-01
<GCONST> 1.303892e+02
<STATE> 4
<MEAN> 39
 -4.039493e+00 -1.458754e+00 -3.389752e+00 -5.356679e+00 -2.816962e+00 -1.518736e+01 -8.135599e+00 -2.087483e+00 -1.698685e+01 -8.264502e+00 -2.403254e+00 -5.184463e+00 8.531187e+01 2.467752e-01 2.054989e-01 1.832417e-01 7.786969e-02 -9.285220e-02 4.350935e-01 2.291906e-02 2.536634e-01 4.083150e-01 3.429960e-02 4.988313e-02 7.982042e-02 -5.408837e-01 -4.719754e-01 7.997666e-02 1.576589e-01 -1.232175e-01 1.259595e-01 3.236914e-01 -2.017404e-02 -1.242325e-01 2.683225e-01 2.060416e-01 8.787836e-02 6.722689e-02 -1.849968e-01
<VARIANCE> 39
 2.142439e+01 2.420990e+01 3.224093e+01 3.243562e+01 3.593296e+01 6.717384e+01 5.435403e+01 5.048533e+01 5.412616e+01 6.410465e+01 3.028897e+01 2.377847e+01 8.335933e+01 1.390664e+00 1.649799e+00 1.887851e+00 1.570213e+00 2.667562e+00 3.313023e+00 1.909508e+00 1.683657e+00 2.762801e+00 2.159527e+00 2.091821e+00 1.428846e+00 2.446438e+00 3.690622e-01 2.676899e-01 4.129082e-01 3.271419e-01 3.999826e-01 5.980265e-01 4.198792e-01 3.321795e-01 6.041582e-01 5.146475e-01 4.236363e-01 3.092369e-01 3.315791e-01
<GCONST> 1.167597e+02
<TRANSP> 5
 0.000000e+00 1.000000e+00 0.000000e+00 0.000000e+00 0.000000e+00
 0.000000e+00 7.476410e-01 2.523590e-01 0.000000e+00 0.000000e+00
 0.000000e+00 0.000000e+00 4.938328e-01 5.061672e-01 0.000000e+00
 0.000000e+00 0.000000e+00 0.000000e+00 6.401064e-01 3.598936e-01
 0.000000e+00 0.000000e+00 0.000000e+00 0.000000e+00 0.000000e+00
<ENDHMM>
~h "g"
<BEGINHMM>
<NUMSTATES> 5
<STATE> 2
<MEAN> 39
 -7.779804e+00 -2.040822e+00 1.022219e+00 -4.087776e-01 5.746659e+00 -1.505016e+01 -2.102651e+01 -8.164780e+00 -1.322486e+01 -5.958080e-01 3.258102e-01 -9.053193e+00 8.461472e+01 5.203364e-01 -4.820631e-01 -6.689689e-01 -1.169973e+00 -7.562642e-01 -9.932003e-01 -1.867620e-01 -6.199691e-01 -9.973783e-01 1.626556e-01 8.826123e-01 8.772451e-01 4.716834e-01 -1.815835e-02 1.776261e-01 1.526832e-01 2.025975e-01 -1.645563e-01 2.305969e-01 3.391975e-01 2.018635e-01 2.343333e-01 -1.336949e-01 -4.040557e-02 2.582385e-01 -3.657468e-01
<VARIANCE> 39
 1.430973e+01 1.260268e+01 1.977787e+01 2.932253e+01 2.289268e+01 2.883022e+01 8.961362e+01 4.534226e+01 9.390884e+01 3.391969e+01 5.521814e+01 4.429577e+01 6.162467e+01 1.306664e+00 1.022005e+00 9.685425e-01 2.020658e+00 2.947458e+00 3.564513e+00 8.792193e+00 2.572373e+00 3.185285e+00 2.113893e+00 4.321054e+00 4.848228e+00 3.186344e+00 3.046578e-01 1.158609e-01 2.703049e-01 3.964746e-01 4.683636e-01 6.619949e-01 8.847995e-01 3.399785e-01 6.801664e-01 3.018890e-01 8.421679e-01 7.274239e-01 2.039679e-01
<GCONST> 1.189535e+02
<STATE> 3
<MEAN> 39
 -5.483311e+00 -1.335801e+00 -6.471112e+00 -3.440568e+00 -1.724883e-01 -1.440430e+01 -1.029455e+01 -5.910785e+00 -1.760178e+01 2.105336e+00 3.190094e+00 -2.536649e+00 8.286916e+01 2.751317e-02 -6.441386e-02 -3.855984e-01 -4.084578e-01 -7.335001e-01 7.638419e-01 1.243348e+00 3.763943e-01 4.544447e-01 2.036062e-01 2.253545e-01 2.252703e-01 -4.720863e-01 -1.297348e-01 6.775853e-02 1.469612e-01 1.580824e-01 2.411260e-01 1.047785e-01 -1.652080e-01 1.649063e-02 6.864886e-02 -1.251531e-01 -1.334755e-01 -2.283797e-01 -9.892663e-02
<VARIANCE> 39
 1.125388e+01 1.069905e+01 1.578039e+01 1.880694e+01 2.965275e+01 2.907346e+01 4.917370e+01 5.356179e+01 5.468409e+01 8.151780e+01 2.004010e+01 2.029163e+01 1.697480e+02 3.664768e-01 4.188473e-01 3.399127e-01 7.319566e-01 1.164349e+00 9.274493e-01 1.344201e+00 8.752100e-01 8.946239e-01 1.194348e+00 9.209548e-01 1.144506e+00 3.303632e-01 3.607859e-02 6.608589e-02 4.834437e-02 1.053215e-01 1.544141e-01 1.685630e-01 1.530237e-01 1.548432e-01 1.632011e-01 2.233652e-01 1.353722e-01 2.149859e-01 4.758273e-02
<GCONST> 8.372281e+01
<STATE> 4
<MEAN> 39
 -1.082459e+01 1.020072e+00 -7.342098e+00 -3.788917e+00 -1.148901e+00 -4.926214e+00 -8.825038e+00 -6.620751e+00 -1.078751e+01 9.153579e-01 3.738290e+00 -5.779304e-01 7.195668e+01 -4.832890e-01 1.040034e-01 -1.948423e-02 -9.119938e-02 -2.913627e-01 5.116937e-01 6.149195e-02 -9.860501e-02 2.449538e-01 -4.478648e-01 -1.539002e-01 2.713289e-01 -1.017374e+00 9.816400e-03 -2.827251e-02 3.934610e-02 -5.297441e-02 -3.531029e-02 -1.027197e-01 -1.301439e-01 -2.893316e-02 -8.927909e-02 2.540841e-02 -1.277067e-02 -3.203224e-02 4.094405e-02
<VARIANCE> 39
 1.320067e+01 1.200008e+01 3.248804e+01 1.169967e+01 3.456511e+01 3.663409e+01 3.891508e+01 4.141942e+01 5.167082e+01 3.249257e+01 2.125380e+01 1.320157e+01 2.510940e+02 3.811812e-01 9.129748e-01 7.911761e-01 8.745372e-01 1.719672e+00 2.106300e+00 2.415166e+00 1.063366e+00 1.797159e+00 1.018232e+00 1.402574e+00 8.896773e-01 5.196983e-01 5.503136e-02 1.650224e-01 1.493602e-01 1.690551e-01 2.912339e-01 3.129544e-01 4.148966e-01 1.761643e-01 3.485332e-01 1.726777e-01 2.174866e-01 1.543869e-01 7.335348e-02
<GCONST> 9.456945e+01
<TRANSP> 5
 0.000000e+00 1.000000e+00 0.000000e+00 0.000000e+00 0.000000e+00
 0.000000e+00 6.769420e-01 3.230579e-01 0.000000e+00 0.000000e+00
 0.000000e+00 0.000000e+00 8.426381e-01 1.573619e-01 0.000000e+00
 0.000000e+00 0.000000e+00 0.000000e+00 8.413303e-01 1.586697e-01
 0.000000e+00 0.000000e+00 0.000000e+00 0.000000e+00 0.000000e+00
<ENDHMM>
~h "h"
<BEGINHMM>
<NUMSTATES> 5
<STATE> 2
<MEAN> 39
 -1.706266e+01 -6.018049e+00 6.001118e+00 5.195032e-01 5.831192e-01 -1.007848e+01 -9.467196e+00 -2.602766e+00 -6.020813e+00 -2.480231e+00 -4.692999e+00 -4.768770e+00 8.112254e+01 -5.172148e-02 -4.230487e-01 -2.862585e-02 -5.664352e-02 -5.601385e-01 -4.443461e-01 -5.797634e-02 2.215978e-01 3.162164e-01 1.648932e-01 -2.503891e-01 2.593147e-01 -4.493089e-01 3.119612e-01 3.306251e-01 -8.321903e-02 1.134190e-01 1.493015e-01 -7.950386e-02 -1.439809e-02 6.942620e-03 -2.477830e-01 -1.223387e-01 -1.305049e-02 -1.355501e-01 -7.175029e-02
<VARIANCE> 39
 1.676884e+01 3.519678e+01 4.028019e+01 4.943788e+01 3.128864e+01 5.369917e+01 3.481827e+01 4.041216e+01 2.841656e+01 3.530866e+01 2.681058e+01 1.782589e+01 3.195688e+01 1.219648e+00 1.843768e+00 2.348682e+00 2.378221e+00 2.155002e+00 2.252685e+00 1.774258e+00 1.462905e+00 2.157614e+00 1.883539e+00 1.585624e+00 1.580689e+00 6.013702e-01 2.298655e-01 2.543089e-01 2.155225e-01 3.370867e-01 3.596694e-01 4.564901e-01 3.391939e-01 3.103501e-01 4.465859e-01 4.065058e-01 2.968523e-01 2.846811e-01 1.001594e-01
<GCONST> 1.077541e+02
<STATE> 3
<MEAN> 39
 -1.327758e+01 -4.165023e+00 2.397401e+00 3.853231e-01 -2.078398e+00 -5.743562e+00 -9.803625e+00 -4.257892e+00 -4.413503e+00 -3.045292e+00 -5.670250e+00 -4.902230e+00 7.410706e+01 1.759348e-01 8.885095e-01 -3.430329e-01 5.598488e-01 -8.871874e-03 3.165011e-01 2.621443e-01 4.220605e-02 -3.181319e-01 -4.213927e-01 -1.276898e-01 -8.285350e-02 -8.765673e-01 -4.477560e-02 1.908352e-01 4.485325e-02 -5.546014e-03 2.028464e-01 -2.624515e-03 4.115386e-04 -2.400351e-02 -2.213500e-01 -6.240917e-02 1.165517e-01 -6.464330e-02 4.324129e-02
<VARIANCE> 39
 1.003298e+01 3.474649e+01 2.625726e+01 4.431997e+01 3.197508e+01 5.409587e+01 3.069692e+01 3.451231e+01 2.854283e+01 2.355119e+01 1.954836e+01 2.055192e+01 4.520196e+01 5.430443e-01 1.093292e+00 1.318205e+00 1.281990e+00 1.333286e+00 1.366749e+00 1.742036e+00 1.231512e+00 1.364510e+00 1.211384e+00 1.197399e+00 1.153626e+00 2.879037e-01 1.358421e-01 1.895223e-01 1.874315e-01 2.490570e-01 2.438518e-01 2.370664e-01 2.843161e-01 2.163362e-01 2.419187e-01 2.428600e-01 2.334548e-01 2.398960e-01 3.971524e-02
<GCONST> 9.497062e+01
<STATE> 4
<MEAN> 39
 -1.382737e+01 4.622468e+00 8.058067e-01 -4.341896e-01 -3.432054e-01 -2.621015e+00 -5.677012e+00 -3.340007e+00 -8.546480e+00 -6.643259e+00 -5.693880e+00 -6.284895e+00 6.781986e+01 -2.372815e-01 2.592493e-01 -1.960063e-02 -1.397879e-01 2.919138e-02 7.184279e-02 -2.347917e-02 4.575370e-02 -2.008906e-01 8.216484e-03 1.987022e-01 -3.931778e-03 -3.651504e-01 1.302020e-02 -6.046820e-02 2.984589e-02 -5.098338e-02 5.578925e-03 -3.199263e-02 -7.381682e-02 -1.056951e-02 3.442742e-02 2.491152e-02 3.408260e-02 -1.470886e-02 9.025276e-02
<VARIANCE> 39
 8.386708e+00 3.352772e+01 2.265526e+01 3.069003e+01 1.783755e+01 2.749803e+01 1.926315e+01 1.628750e+01 2.274844e+01 2.243663e+01 1.333032e+01 1.177661e+01 3.104869e+01 4.336098e-01 1.081232e+00 1.089857e+00 1.259917e+00 1.143217e+00 1.071722e+00 1.307872e+00 1.372770e+00 1.358073e+00 9.973838e-01 9.915268e-01 8.671049e-01 2.659096e-01 8.739128e-02 1.633448e-01 1.826160e-01 2.195595e-01 2.422927e-01 1.937040e-01 2.520555e-01 2.732670e-01 2.583171e-01 1.746061e-01 1.764017e-01 1.612619e-01 4.582138e-02
<GCONST> 8.676544e+01
<TRANSP> 5
 0.000000e+00 1.000000e+00 0.000000e+00 0.000000e+00 0.000000e+00
 0.000000e+00 7.272648e-01 2.727352e-01 0.000000e+00 0.000000e+00
 0.000000e+00 0.000000e+00 7.132050e-01 2.867950e-01 0.000000e+00
 0.000000e+00 0.000000e+00 0.000000e+00 8.065649e-01 1.934351e-01
 0.000000e+00 0.000000e+00 0.000000e+00 0.000000e+00 0.000000e+00
<ENDHMM>
~h "i"
<BEGINHMM>
<NUMSTATES> 5
<STATE> 2
<MEAN> 39
 -1.143592e+01 -8.460248e-01 8.930647e+00 7.109334e+00 8.637776e+00 -1.567645e+01 -1.608162e+01 -2.767383e+00 -1.349547e+01 -7.513681e+00 -3.358049e+00 -9.319974e+00 8.154362e+01 1.191833e-01 6.929562e-02 2.506075e-01 2.742979e-01 3.951347e-01 -2.360714e-01 -5.277644e-01 -1.637400e-01 -7.757822e-02 1.581081e-01 -9.316809e-02 -3.114850e-01 2.321596e-01 4.853053e-02 1.266751e-01 -2.900992e-01 -3.018563e-01 -2.461854e-01 3.333385e-01 1.680519e-01 -1.183620e-01 1.738937e-01 1.312115e-01 6.755602e-03 1.896570e-01 -2.048634e-01
<VARIANCE> 39
 1.782577e+01 3.025185e+01 5.211192e+01 3.966425e+01 4.629190e+01 7.181969e+01 6.140883e+01 4.790890e+01 6.201442e+01 4.231656e+01 3.256272e+01 3.384439e+01 1.030618e+02 1.931144e+00 2.871170e+00 4.330753e+00 3.498943e+00 3.720540e+00 6.710975e+00 4.872663e+00 3.046425e+00 6.064492e+00 3.110249e+00 2.796887e+00 2.746279e+00 3.735207e+00 3.378917e-01 4.977959e-01 7.021925e-01 6.103938e-01 6.404165e-01 1.075405e+00 8.751336e-01 5.825809e-01 1.070378e+00 6.410325e-01 5.227007e-01 4.772810e-01 4.707680e-01
<GCONST> 1.316552e+02
<STATE> 3
<MEAN> 39
 -8.632353e+00 1.726198e+00 4.221154e+00 2.956836e+00 6.710095e+00 -1.178965e+01 -1.499403e+01 -5.115350e+00 -1.095341e+01 -5.517903e+00 -4.070120e+00 -9.117064e+00 8.062490e+01 4.343536e-01 5.555754e-01 -1.280253e+00 -1.420666e+00 -1.401340e+00 1.413136e+00 7.913623e-01 4.030243e-02 8.332058e-01 2.625898e-01 -5.552296e-02 7.875521e-01 -8.454182e-01 -5.554873e-02 -1.981544e-01 -1.820762e-02 6.718513e-03 -1.647321e-01 -2.334141e-01 7.130591e-02 2.185488e-01 -1.376214e-01 -1.689733e-01 8.097430e-02 1.149756e-01 4.889334e-02
<VARIANCE> 39
 1.739187e+01 2.257699e+01 3.966068e+01 2.735447e+01 3.423009e+01 6.026571e+01 5.721074e+01 6.124084e+01 7.846471e+01 5.264878e+01 3.720416e+01 4.003461e+01 9.745296e+01 1.107057e+00 1.909986e+00 2.477078e+00 2.018623e+00 2.436383e+00 5.406034e+00 3.833518e+00 3.907066e+00 4.238374e+00 3.152280e+00 2.856563e+00 3.174889e+00 2.526292e+00 1.695408e-01 2.353904e-01 4.130223e-01 3.294139e-01 4.605754e-01 8.645659e-01 8.287401e-01 5.561032e-01 6.481563e-01 5.486459e-01 4.228388e-01 6.715931e-01 2.160135e-01
<GCONST> 1.232750e+02
<STATE> 4
<MEAN> 39
 -8.552398e+00 3.924724e+00 1.378562e+00 1.824571e+00 4.082911e+00 -8.472876e+00 -1.214321e+01 -5.637786e+00 -9.737827e+00 -5.666375e+00 -4.721377e+00 -5.781760e+00 7.775658e+01 -1.023024e-01 -2.596951e-01 -8.271832e-01 -8.820646e-01 -1.037536e+00 3.476679e-01 6.515153e-01 -3.598570e-02 -1.189515e-01 3.026255e-02 3.112761e-01 4.372605e-01 -4.756904e-02 -1.499375e-01 -2.554368e-01 1.488229e-01 -1.526862e-01 7.822791e-03 -2.349338e-01 8.146667e-02 3.287949e-02 -6.834249e-02 1.265418e-01 1.498867e-01 -1.194359e-01 4.205465e-01
<VARIANCE> 39
 1.790069e+01 2.264051e+01 2.180975e+01 2.963265e+01 3.725669e+01 2.698230e+01 4.261138e+01 3.136138e+01 4.756122e+01 3.132368e+01 3.348285e+01 1.890332e+01 9.750180e+01 7.267078e-01 1.078678e+00 1.171025e+00 2.445148e+00 2.364194e+00 2.479623e+00 2.306533e+00 2.074327e+00 2.190188e+00 1.765151e+00 2.568025e+00 2.016894e+00 1.425785e+00 1.122266e-01 2.290975e-01 2.801478e-01 4.577330e-01 3.498150e-01 5.635599e-01 4.551669e-01 3.721271e-01 5.421358e-01 3.416143e-01 3.586684e-01 3.526403e-01 4.203571e-01
<GCONST> 1.103596e+02
<TRANSP> 5
 0.000000e+00 1.000000e+00 0.000000e+00 0.000000e+00 0.000000e+00
 0.000000e+00 8.548709e-01 1.451291e-01 0.000000e+00 0.000000e+00
 0.000000e+00 0.000000e+00 6.509499e-01 3.490501e-01 0.000000e+00
 0.000000e+00 0.000000e+00 0.000000e+00 6.293907e-01 3.706093e-01
 0.000000e+00 0.000000e+00 0.000000e+00 0.000000e+00 0.000000e+00
<ENDHMM>
~h "j"
<BEGINHMM>
<NUMSTATES> 5
<STATE> 2
<MEAN> 39
 -1.440065e+01 -2.825496e-01 1.095587e+01 4.580461e+00 9.344328e+00 -7.314364e+00 -1.502291e+01 5.636771e-01 -5.486144e+00 -5.969665e+00 -1.812419e+00 -6.546464e+00 8.065257e+01 -6.978405e-01 -4.224913e-01 6.078929e-01 -7.397531e-02 -1.490598e-01 5.980428e-01 -2.646993e-01 -4.307666e-01 8.859423e-01 1.641732e-01 -1.697463e-01 2.510025e-01 4.082391e-01 3.706831e-01 1.080723e-01 -2.899731e-01 -2.783418e-02 -1.096519e-02 3.591144e-02 1.590880e-02 -3.243895e-01 -3.967426e-01 -1.557558e-01 4.101796e-02 -7.120443e-03 1.614518e-02
<VARIANCE> 39
 6.003444e+01 4.381820e+01 4.144969e+01 3.118392e+01 2.960574e+01 4.106437e+01 5.387969e+01 3.467217e+01 5.438141e+01 4.687728e+01 2.436902e+01 4.088997e+01 8.846052e+01 8.582608e+00 6.361530e+00 4.746023e+00 3.444010e+00 3.692698e+00 4.258683e+00 7.073246e+00 6.755367e+00 5.168480e+00 3.861997e+00 3.010428e+00 4.092328e+00 7.266308e+00 1.920442e+00 1.438089e+00 1.174574e+00 6.964858e-01 7.307175e-01 9.151734e-01 1.375921e+00 8.609592e-01 8.613074e-01 7.990813e-01 6.766749e-01 7.464821e-01 1.458294e+00
<GCONST> 1.413896e+02
<STATE> 3
<MEAN> 39
 -9.687336e+00 -1.835093e+00 8.581455e+00 3.474134e+00 1.127473e+01 -3.176697e+00 -1.955168e+01 -1.281364e+01 -1.032216e+01 -9.141053e+00 -1.930937e+00 -6.764495e+00 8.578483e+01 2.508941e+00 1.173186e+00 -1.982451e+00 -7.696391e-01 -4.627467e-01 -1.290109e-02 1.438649e+00 -5.799384e-01 -2.352772e+00 -1.339262e+00 2.379938e-01 6.052619e-01 -7.403198e-01 -6.532205e-01 8.726687e-02 2.804505e-01 -4.198563e-01 -4.828120e-01 -2.591019e-01 6.717148e-01 9.188399e-01 3.075590e-01 -2.742455e-02 -3.552100e-01 5.297264e-02 -4.639129e-02
<VARIANCE> 39
 2.365297e+01 1.893318e+01 2.211713e+01 1.198614e+01 2.646362e+01 2.868673e+01 3.794029e+01 2.874169e+01 5.203128e+01 1.025017e+02 2.025965e+01 3.348281e+01 3.653569e+01 2.715722e+00 5.165749e-01 1.113834e+00 1.663645e+00 1.583658e+00 1.419372e+00 2.961265e+00 3.935588e+00 2.655311e+00 3.065017e+00 2.176136e+00 2.109953e+00 2.826828e-01 4.760017e-01 9.368113e-02 3.219861e-01 2.611154e-01 2.245880e-01 2.534342e-01 5.159189e-01 4.298877e-01 6.996701e-01 6.877801e-01 3.649290e-01 3.337986e-01 1.152871e-01
<GCONST> 1.073109e+02
<STATE> 4
<MEAN> 39
 -4.506517e+00 4.213753e+00 3.795628e+00 -3.696014e+00 3.725925e+00 -6.993712e+00 -8.002573e+00 -5.886991e+00 -1.622608e+01 -1.477075e+01 -5.728785e+00 -6.664188e+00 8.143188e+01 -1.128711e-01 9.339936e-01 8.413848e-02 -9.922090e-01 -1.257654e+00 -2.575817e-01 1.535295e+00 9.920632e-01 3.847041e-01 3.127206e-01 -4.596940e-01 -2.879151e-01 -5.909653e-01 -3.105461e-01 -1.477354e-01 1.428762e-01 1.866613e-01 1.835533e-01 2.850357e-01 -1.049231e-01 -1.071209e-01 3.110768e-01 3.504218e-01 1.267876e-01 -1.126918e-01 -3.606898e-02
<VARIANCE> 39
 1.133118e+01 2.698046e+01 1.767902e+01 2.028739e+01 4.286535e+01 3.509528e+01 6.365869e+01 4.000433e+01 3.481638e+01 1.089234e+02 5.289188e+01 5.346515e+01 2.532725e+01 4.746913e-01 5.400242e-01 5.855851e-01 9.365349e-01 1.060264e+00 1.561865e+00 1.818470e+00 1.106815e+00 1.298092e+00 2.339453e+00 1.620208e+00 1.685102e+00 3.059060e-01 9.055225e-02 1.252295e-01 1.351964e-01 1.493895e-01 1.510580e-01 2.056640e-01 2.716802e-01 1.881950e-01 2.923247e-01 3.123887e-01 3.051443e-01 2.180924e-01 3.493989e-02
<GCONST> 9.474944e+01
<TRANSP> 5
 0.000000e+00 1.000000e+00 0.000000e+00 0.000000e+00 0.000000e+00
 0.000000e+00 9.162398e-01 8.376019e-02 0.000000e+00 0.000000e+00
 0.000000e+00 0.000000e+00 7.750317e-01 2.249683e-01 0.000000e+00
 0.000000e+00 0.000000e+00 0.000000e+00 8.232951e-01 1.767049e-01
 0.000000e+00 0.000000e+00 0.000000e+00 0.000000e+00 0.000000e+00
<ENDHMM>
~h "k"
<BEGINHMM>
<NUMSTATES> 5
<STATE> 2
<MEAN> 39
 -7.253518e+00 -1.924641e+00 -2.911716e+00 -3.456095e+00 3.152427e+00 -1.542418e+01 -1.453702e+01 -6.842079e+00 -1.713532e+01 -5.331506e+00 2.594078e+00 -6.987360e+00 8.537812e+01 -3.340757e-01 1.167480e+00 1.485470e+00 5.974917e-01 9.864986e-01 2.041570e+00 4.838183e-01 -1.757970e-01 6.337744e-01 -1.786851e-01 -6.083270e-01 2.047077e-01 -2.372072e+00 -5.184507e-02 -5.101750e-03 -3.221406e-01 -3.903061e-01 -8.185535e-01 5.741836e-01 4.582371e-01 4.669130e-01 6.975485e-01 4.768863e-01 4.078591e-02 5.207990e-01 -7.087770e-01
<VARIANCE> 39
 1.591762e+01 2.259851e+01 2.348941e+01 2.011064e+01 3.024281e+01 6.192561e+01 5.373745e+01 4.094921e+01 1.046233e+02 2.778788e+01 2.767017e+01 1.817746e+01 1.182170e+02 1.557779e+00 1.110294e+00 1.831442e+00 2.480923e+00 3.335941e+00 4.501277e+00 2.974238e+00 2.974411e+00 5.330637e+00 2.389011e+00 2.040041e+00 2.270149e+00 2.988087e+00 2.414786e-01 2.586114e-01 5.114123e-01 3.945418e-01 6.123939e-01 8.163195e-01 6.150828e-01 5.686892e-01 6.454244e-01 4.008948e-01 6.024696e-01 3.599436e-01 3.177712e-01
<GCONST> 1.198979e+02
<STATE> 3
<MEAN> 39
 -1.046472e+01 1.886848e+00 -3.935369e+00 -3.989604e+00 -1.311261e+00 -5.066934e+00 -1.134313e+01 -4.391157e+00 -1.077748e+01 -1.565470e+00 1.490457e+00 -2.524261e+00 6.777198e+01 -5.682204e-01 -2.112757e-01 -1.002643e+00 -7.177359e-01 -1.492887e+00 5.972912e-01 2.447334e-01 5.695742e-01 1.005737e+00 6.741226e-01 1.768609e-01 9.089172e-01 -1.992874e+00 -1.647759e-01 -4.372728e-01 -3.587781e-01 -2.392222e-01 -1.072953e-01 -7.739368e-01 -3.627541e-01 -1.640586e-01 -2.850119e-01 -1.606774e-01 3.231664e-02 -1.778746e-01 8.169290e-01
<VARIANCE> 39
 2.457384e+01 1.835282e+01 3.997316e+01 2.112691e+01 4.364816e+01 2.721856e+01 2.901336e+01 2.248300e+01 4.202541e+01 2.392270e+01 1.647197e+01 1.490488e+01 2.479644e+02 1.183703e+00 2.269490e+00 2.307554e+00 2.112361e+00 3.543797e+00 4.169108e+00 2.921880e+00 2.645440e+00 2.963856e+00 2.715025e+00 2.395679e+00 1.717780e+00 4.365404e+00 3.032346e-01 4.392518e-01 7.404798e-01 3.730197e-01 8.419973e-01 6.752069e-01 4.333533e-01 4.344208e-01 5.630687e-01 5.170789e-01 4.608710e-01 3.297888e-01 5.486946e-01
<GCONST> 1.190464e+02
<STATE> 4
<MEAN> 39
 -1.194609e+01 -1.645115e+00 -5.852007e+00 -7.489070e+00 -3.730111e+00 -1.018427e+01 -1.308254e+01 -5.850834e+00 -9.969416e+00 -1.892276e+00 2.687836e+00 -2.051353e+00 7.620619e+01 -8.217546e-01 -8.094817e-02 -1.256106e-01 -4.936447e-01 2.478195e-02 -7.903267e-02 9.365260e-02 -1.938694e-01 2.001466e-02 -1.203246e-02 -2.551730e-01 -2.447487e-01 5.002363e-01 -6.272295e-02 7.098050e-02 2.057295e-01 3.284936e-02 2.988932e-01 5.470880e-02 1.034001e-01 -2.258986e-02 -9.251680e-02 -6.986438e-02 -8.659737e-02 -1.816147e-01 3.734585e-01
<VARIANCE> 39
 2.578308e+01 1.554345e+01 1.584078e+01 1.924156e+01 2.134819e+01 3.479920e+01 2.584295e+01 2.405682e+01 3.048051e+01 2.905601e+01 1.822865e+01 1.755790e+01 1.285499e+02 2.667832e+00 1.582115e+00 1.879383e+00 2.484680e+00 2.684700e+00 2.213109e+00 3.002413e+00 1.914517e+00 1.889100e+00 1.941368e+00 2.096506e+00 1.732429e+00 3.350950e+00 5.655968e-01 2.678036e-01 3.455117e-01 4.517845e-01 4.360962e-01 4.534768e-01 5.419437e-01 3.977363e-01 3.701549e-01 4.478026e-01 4.321138e-01 3.541849e-01 6.664263e-01
<GCONST> 1.131749e+02
<TRANSP> 5
 0.000000e+00 1.000000e+00 0.000000e+00 0.000000e+00 0.000000e+00
 0.000000e+00 6.385635e-01 3.614365e-01 0.000000e+00 0.000000e+00
 0.000000e+00 0.000000e+00 6.839718e-01 3.160281e-01 0.000000e+00
 0.000000e+00 0.000000e+00 0.000000e+00 8.629050e-01 1.370950e-01
 0.000000e+00 0.000000e+00 0.000000e+00 0.000000e+00 0.000000e+00
<ENDHMM>
~h "l"
<BEGINHMM>
<NUMSTATES> 5
<STATE> 2
<MEAN> 39
 -1.700293e+01 2.622334e+00 -1.776653e+00 -4.891191e+00 -2.576658e+00 -3.495802e+00 -7.067708e+00 -3.352902e+00 -8.452749e+00 -4.769068e+00 -3.175731e+00 -4.617986e+00 6.876195e+01 7.818474e-02 -1.174388e-01 1.996212e-02 3.605759e-02 -1.931036e-01 -1.317284e-03 -1.523856e-02 -9.572719e-02 -2.903675e-02 7.607955e-02 6.698599e-02 -5.391508e-02 -4.660562e-02 -1.216883e-01 -1.578750e-01 1.663811e-01 -1.199709e-01 -1.494931e-03 -6.727584e-02 1.148660e-02 -4.480558e-02 4.653018e-04 7.222528e-02 3.515932e-02 2.021716e-02 1.832145e-01
<VARIANCE> 39
 2.128271e+01 1.561195e+01 1.513794e+01 1.474178e+01 1.494577e+01 1.927467e+01 1.834187e+01 1.683136e+01 2.134216e+01 2.314167e+01 1.577790e+01 1.289387e+01 1.185558e+02 7.684025e-01 8.459793e-01 1.134951e+00 1.234329e+00 1.401741e+00 1.296348e+00 1.678576e+00 1.421502e+00 1.392769e+00 1.423655e+00 1.233232e+00 1.132301e+00 4.916471e-01 1.593426e-01 1.947011e-01 2.513866e-01 2.565757e-01 2.777552e-01 2.980102e-01 3.289418e-01 2.778647e-01 3.001339e-01 2.912838e-01 2.498058e-01 2.305019e-01 1.221711e-01
<GCONST> 9.376939e+01
<STATE> 3
<MEAN> 39
 -1.551246e+01 1.853714e+00 -1.133056e+00 -3.953366e+00 -2.773504e+00 -4.117173e+00 -7.406355e+00 -3.580128e+00 -8.902801e+00 -4.206886e+00 -2.989796e+00 -4.671219e+00 6.910828e+01 -4.816010e-01 -1.128058e+00 1.027087e+00 -8.869601e-01 -5.711884e-01 -2.897275e-01 6.519420e-02 -4.206029e-01 -1.041872e-01 7.139510e-01 3.932844e-01 8.038381e-02 1.042694e+00 -4.974762e-01 -4.352038e-01 5.796986e-01 -4.067998e-01 5.548993e-02 -1.200152e-01 -9.035259e-03 -2.077573e-02 4.103367e-03 1.488508e-01 7.984050e-02 3.197841e-02 6.199813e-01
<VARIANCE> 39
 3.525379e+01 1.604820e+01 1.695269e+01 1.691136e+01 1.988611e+01 2.636643e+01 2.167355e+01 2.263246e+01 3.209619e+01 3.371647e+01 1.517213e+01 1.396403e+01 1.526163e+02 1.398905e+00 1.915208e+00 2.704407e+00 2.300479e+00 2.418206e+00 2.383368e+00 2.506471e+00 2.858728e+00 2.516157e+00 2.119363e+00 1.752257e+00 1.425056e+00 1.019886e+00 3.348361e-01 2.805201e-01 5.203131e-01 3.847428e-01 3.359658e-01 4.252051e-01 3.881563e-01 4.044085e-01 4.364417e-01 3.715811e-01 2.826937e-01 2.976185e-01 2.736809e-01
<GCONST> 1.092834e+02
<STATE> 4
<MEAN> 39
 -1.791298e+01 -3.563538e-02 1.033762e+00 -6.700091e+00 -3.642253e+00 -4.429863e+00 -6.558179e+00 -4.629606e+00 -9.482687e+00 -3.197847e+00 -3.097129e+00 -5.066981e+00 7.082437e+01 -5.704352e-01 -1.220987e+00 1.187720e+00 -9.087391e-01 -1.771905e-01 -2.951299e-01 -1.092128e-02 -2.816364e-01 -1.945468e-01 4.381053e-01 3.701840e-01 1.340910e-01 1.453582e+00 -1.897230e-01 -5.358464e-02 1.100415e-01 -4.316615e-02 1.587206e-01 1.399873e-02 2.479935e-03 1.392132e-01 8.351731e-02 -8.931014e-02 4.944079e-02 4.366898e-02 2.046399e-01
<VARIANCE> 39
 4.617384e+01 3.132915e+01 3.157466e+01 3.089630e+01 3.416085e+01 3.485328e+01 3.844845e+01 3.803819e+01 3.443435e+01 4.166043e+01 2.367159e+01 2.065740e+01 1.014795e+02 3.295506e+00 3.751620e+00 5.574307e+00 4.185764e+00 2.804969e+00 3.190434e+00 3.382588e+00 3.383447e+00 3.437969e+00 3.004019e+00 2.140239e+00 1.890064e+00 3.297959e+00 6.255485e-01 6.118091e-01 7.196636e-01 6.322073e-01 5.696602e-01 5.926205e-01 6.088253e-01 5.461054e-01 5.541223e-01 4.942979e-01 4.286550e-01 3.985322e-01 4.950925e-01
<GCONST> 1.258073e+02
<TRANSP> 5
 0.000000e+00 1.000000e+00 0.000000e+00 0.000000e+00 0.000000e+00
 0.000000e+00 7.211023e-01 2.788976e-01 0.000000e+00 0.000000e+00
 0.000000e+00 0.000000e+00 1.886302e-01 8.113698e-01 0.000000e+00
 0.000000e+00 0.000000e+00 0.000000e+00 4.897927e-01 5.102072e-01
 0.000000e+00 0.000000e+00 0.000000e+00 0.000000e+00 0.000000e+00
<ENDHMM>
~h "m"
<BEGINHMM>
<NUMSTATES> 5
<STATE> 2
<MEAN> 39
 -3.789815e+00 2.452503e+00 -3.584764e+00 -5.593568e+00 -2.717587e+00 -1.081255e+01 -4.176110e+00 3.693162e+00 -8.528083e+00 -7.074975e+00 -3.126947e+00 -7.123121e+00 8.105616e+01 -1.483328e-01 3.357272e-01 2.072138e-01 2.094940e-01 3.836890e-01 6.417163e-01 1.756922e-01 -1.777012e-01 1.362455e-01 5.269840e-02 -1.433325e-01 -1.435153e-01 -5.729080e-01 -1.003790e-01 -7.296158e-02 2.633891e-02 4.459996e-02 8.131471e-02 1.178652e-01 2.245794e-02 -8.303055e-02 -4.703780e-02 4.810802e-02 2.803215e-02 6.873107e-03 -4.118846e-02
<VARIANCE> 39
 1.281647e+01 2.107432e+01 4.983151e+01 3.540862e+01 5.568720e+01 6.234612e+01 8.523941e+01 6.493347e+01 7.866225e+01 3.949534e+01 3.886724e+01 3.372068e+01 6.166353e+01 4.781084e-01 1.433196e+00 3.151291e+00 2.299200e+00 3.754947e+00 3.759970e+00 3.280410e+00 2.626773e+00 2.235599e+00 1.610034e+00 3.006317e+00 2.467758e+00 1.355507e+00 7.026916e-02 1.799074e-01 3.485836e-01 3.299114e-01 5.924137e-01 6.117041e-01 4.931180e-01 4.270008e-01 3.412281e-01 2.913669e-01 3.752858e-01 3.870066e-01 1.448193e-01
<GCONST> 1.155801e+02
<STATE> 3
<MEAN> 39
 -6.714701e+00 3.202428e+00 -2.233426e+00 -5.201030e+00 3.088634e+00 -5.408498e+00 -3.920691e+00 -2.193849e+00 -1.016303e+01 -5.431830e+00 -2.841889e+00 -6.460135e+00 8.266383e+01 -1.775184e-01 2.725662e-01 2.963816e-01 1.986795e-01 3.396195e-01 5.126296e-01 3.726150e-02 -1.378864e-01 1.432765e-01 1.704790e-01 8.896372e-02 1.092439e-01 -6.195073e-01 -3.124535e-02 4.303753e-02 -2.360574e-02 -4.961656e-02 -1.623649e-01 -4.754455e-02 -6.835165e-03 2.172218e-02 6.006347e-02 2.797753e-02 4.226749e-02 7.520836e-02 -4.204970e-02
<VARIANCE> 39
 6.796344e+00 2.171798e+01 4.154850e+01 2.749053e+01 5.146698e+01 3.037279e+01 1.037387e+02 3.776059e+01 3.787355e+01 2.959428e+01 5.292482e+01 3.271888e+01 9.155355e+01 2.202177e-01 5.791038e-01 7.503266e-01 8.469653e-01 1.248374e+00 9.207485e-01 1.039911e+00 8.924989e-01 1.129247e+00 9.523113e-01 1.350421e+00 1.137720e+00 2.662643e-01 2.841573e-02 1.066436e-01 1.494882e-01 1.865574e-01 2.496804e-01 1.780498e-01 2.225732e-01 1.666763e-01 1.957363e-01 2.245002e-01 2.664493e-01 2.215200e-01 4.941043e-02
<GCONST> 9.031806e+01
<STATE> 4
<MEAN> 39
 -1.064635e+01 4.733289e+00 -2.532866e+00 -3.614943e+00 -1.834121e-01 -7.962781e-01 -7.162271e-01 -8.860681e-01 -7.475550e+00 -5.031753e+00 -2.411423e+00 -4.501489e+00 7.417677e+01 -3.569359e-01 -4.602334e-02 -8.261292e-02 -6.030688e-02 -2.096844e-01 1.213630e-01 -1.716869e-01 -1.337015e-01 5.666794e-02 1.273683e-01 1.503370e-01 1.547473e-01 -5.060832e-01 -1.619373e-03 -3.092962e-02 -1.259488e-02 -2.012568e-02 -2.687700e-02 -6.337635e-02 -2.509440e-02 -1.685831e-02 -1.860277e-02 -3.287381e-03 -1.766912e-02 -7.618042e-03 3.812877e-02
<VARIANCE> 39
 1.141054e+01 1.552533e+01 2.055663e+01 1.754344e+01 3.959415e+01 2.987879e+01 4.189017e+01 2.416019e+01 2.678477e+01 1.703018e+01 2.507619e+01 1.606240e+01 1.499243e+02 2.835794e-01 7.618313e-01 9.044838e-01 7.295649e-01 1.119242e+00 1.025476e+00 1.051367e+00 9.533855e-01 1.181330e+00 1.061036e+00 1.031857e+00 8.234158e-01 2.671964e-01 4.934676e-02 1.256350e-01 1.516536e-01 1.466773e-01 1.856672e-01 1.973151e-01 1.793590e-01 1.858540e-01 2.166233e-01 1.932110e-01 1.880294e-01 1.547252e-01 4.084748e-02
<GCONST> 8.529878e+01
<TRANSP> 5
 0.000000e+00 1.000000e+00 0.000000e+00 0.000000e+00 0.000000e+00
 0.000000e+00 8.240278e-01 1.759721e-01 0.000000e+00 0.000000e+00
 0.000000e+00 0.000000e+00 7.767924e-01 2.232076e-01 0.000000e+00
 0.000000e+00 0.000000e+00 0.000000e+00 8.391942e-01 1.608057e-01
 0.000000e+00 0.000000e+00 0.000000e+00 0.000000e+00 0.000000e+00
<ENDHMM>
~h "n"
<BEGINHMM>
<NUMSTATES> 5
<STATE> 2
<MEAN> 39
 -5.485461e+00 2.761037e+00 -3.705506e-01 -3.373176e+00 5.051029e-01 -9.143862e+00 -9.662355e+00 -1.752944e+00 -8.459388e+00 -5.001543e+00 -3.958486e+00 -7.099256e+00 8.003473e+01 4.201328e-01 3.040415e-01 1.582390e-01 7.806361e-02 6.885709e-02 -8.569451e-02 -1.133556e-01 4.470322e-01 3.516782e-01 -2.418231e-01 -3.287317e-01 -1.728655e-01 6.442665e-02 -2.675427e-02 -7.786813e-02 -1.089043e-01 -8.455279e-02 -1.661714e-01 8.843953e-03 1.791883e-01 5.331955e-02 2.578107e-02 5.719946e-02 3.323814e-02 9.290639e-02 3.620109e-03
<VARIANCE> 39
 2.076383e+01 2.252368e+01 2.836543e+01 2.990675e+01 4.831342e+01 5.341995e+01 6.887810e+01 7.971234e+01 6.934075e+01 5.991559e+01 5.524382e+01 3.919969e+01 8.128586e+01 1.222079e+00 2.060455e+00 2.580852e+00 2.612941e+00 3.289638e+00 3.853189e+00 4.124794e+00 3.649532e+00 3.544337e+00 1.979598e+00 4.747342e+00 3.752687e+00 3.107446e+00 1.916352e-01 2.587590e-01 3.426795e-01 3.498612e-01 3.738607e-01 4.799986e-01 5.921116e-01 5.674726e-01 5.848501e-01 3.358912e-01 7.851039e-01 6.046834e-01 2.398685e-01
<GCONST> 1.237571e+02
<STATE> 3
<MEAN> 39
 -5.875808e+00 5.651365e+00 1.701808e+00 -1.180026e+00 3.777741e+00 -6.728459e+00 -1.049515e+01 -4.269481e+00 -7.893445e+00 -3.814484e+00 -4.319304e+00 -5.738543e+00 8.061581e+01 -3.582394e-01 -2.694032e-02 -1.499843e-01 -2.641559e-02 -2.594783e-01 3.435272e-01 6.967269e-01 1.017580e-01 9.529035e-02 1.776932e-01 2.613680e-01 4.332315e-01 -4.935509e-01 -8.039092e-02 -9.809044e-02 -1.357545e-01 -1.429608e-01 -1.299267e-01 -8.329320e-02 -1.095786e-02 -2.186749e-02 -6.147331e-03 2.128427e-02 1.098334e-01 5.036263e-02 4.041550e-02
<VARIANCE> 39
 7.001450e+00 1.180869e+01 1.684163e+01 2.358726e+01 4.720285e+01 3.401622e+01 5.321303e+01 5.541761e+01 3.339992e+01 3.086775e+01 3.321143e+01 2.250690e+01 4.959227e+01 2.360333e-01 4.241938e-01 7.612427e-01 1.147548e+00 1.099871e+00 1.166549e+00 1.192474e+00 1.078014e+00 1.294955e+00 9.733133e-01 1.358077e+00 1.359838e+00 4.024282e-01 2.364280e-02 7.586429e-02 1.227655e-01 2.040642e-01 2.470419e-01 2.649990e-01 2.601252e-01 2.462515e-01 2.374441e-01 2.194731e-01 3.118457e-01 2.284031e-01 5.556360e-02
<GCONST> 8.893352e+01
<STATE> 4
<MEAN> 39
 -1.069501e+01 5.441868e+00 -2.178142e+00 -4.109370e+00 -1.944026e+00 -3.883613e+00 -5.345345e+00 -1.234538e+00 -7.295430e+00 -3.538347e+00 -6.208484e-01 -2.719176e+00 6.949636e+01 -5.288071e-01 -2.514168e-01 -2.974672e-01 -3.784304e-01 -5.059419e-01 -1.218991e-01 -1.174404e-01 -6.810768e-02 -4.986846e-02 -3.900474e-02 -1.067026e-02 -5.821725e-03 -4.181879e-01 2.296496e-02 2.536191e-02 7.670446e-02 6.515804e-02 9.106509e-02 -1.196120e-02 -4.582202e-02 -2.184882e-02 -2.742298e-02 -5.498167e-02 -7.682856e-02 -1.031608e-01 6.631239e-02
<VARIANCE> 39
 1.643953e+01 1.706281e+01 1.460921e+01 1.606410e+01 4.363634e+01 4.440612e+01 2.544764e+01 3.455575e+01 1.989603e+01 2.756709e+01 2.077286e+01 1.270521e+01 6.412829e+01 2.771275e-01 5.322782e-01 7.907056e-01 8.977007e-01 1.285127e+00 1.190427e+00 1.080640e+00 1.261798e+00 1.303496e+00 1.105243e+00 1.190307e+00 1.056292e+00 2.293766e-01 5.029586e-02 9.285208e-02 1.332234e-01 1.668605e-01 2.139543e-01 2.367685e-01 2.255194e-01 2.447399e-01 2.536893e-01 2.041195e-01 2.771452e-01 2.196268e-01 3.792952e-02
<GCONST> 8.668030e+01
<TRANSP> 5
 0.000000e+00 1.000000e+00 0.000000e+00 0.000000e+00 0.000000e+00
 0.000000e+00 8.613189e-01 1.386811e-01 0.000000e+00 0.000000e+00
 0.000000e+00 0.000000e+00 7.777267e-01 2.222733e-01 0.000000e+00
 0.000000e+00 0.000000e+00 0.000000e+00 7.989131e-01 2.010869e-01
 0.000000e+00 0.000000e+00 0.000000e+00 0.000000e+00 0.000000e+00
<ENDHMM>
~h "o"
<BEGINHMM>
<NUMSTATES> 5
<STATE> 2
<MEAN> 39
 -1.801870e+00 2.801627e+00 -3.445255e+00 -9.478054e+00 -1.113364e+01 -1.824903e+01 -2.225314e+00 7.001846e+00 -3.953744e+00 -4.150712e+00 -7.664546e-01 -5.120841e+00 8.116563e+01 -4.556335e-02 3.339465e-01 1.433917e-01 6.913354e-02 -1.076299e-01 2.900033e-01 -7.544868e-02 -3.646842e-01 2.068669e-01 3.894947e-01 -7.366276e-02 -1.239156e-01 -5.953502e-01 -7.209229e-02 3.823062e-02 4.600546e-02 3.567943e-02 1.022766e-01 1.390528e-01 -2.083582e-02 -4.659683e-02 -3.782158e-02 -2.551139e-02 -1.307866e-02 2.294883e-02 -9.270619e-02
<VARIANCE> 39
 7.566255e+00 9.155449e+00 1.882984e+01 2.213336e+01 2.800878e+01 7.649946e+01 8.780202e+01 3.979898e+01 4.266944e+01 2.954038e+01 2.952240e+01 3.142998e+01 2.815571e+01 2.319939e-01 3.912305e-01 3.972432e-01 5.725396e-01 7.833171e-01 1.297784e+00 1.029093e+00 1.105542e+00 9.443853e-01 6.996184e-01 9.251639e-01 6.228232e-01 3.147176e-01 3.453515e-02 6.388077e-02 6.159608e-02 1.170407e-01 1.274856e-01 1.549734e-01 1.937917e-01 1.594688e-01 1.590846e-01 1.093291e-01 1.457625e-01 1.183057e-01 3.275697e-02
<GCONST> 7.924902e+01
<STATE> 3
<MEAN> 39
 -6.829272e+00 7.369388e+00 3.512842e-01 -9.908375e+00 -7.565507e+00 -7.638999e+00 -3.545751e+00 2.148937e+00 -2.367467e+00 -4.080166e+00 -2.223751e+00 -4.045819e+00 7.624055e+01 -6.144668e-01 5.397486e-02 6.732386e-02 4.009161e-01 4.036901e-01 8.685184e-01 -1.217977e-01 8.757282e-02 2.253146e-01 2.472723e-01 6.177383e-02 9.539169e-02 -9.103837e-01 -9.514987e-03 -1.448893e-01 -1.564099e-01 1.502226e-02 -4.782473e-02 -1.192011e-01 -3.213105e-02 -2.183218e-02 -1.406041e-02 -1.580577e-02 9.451232e-03 1.812932e-02 7.734621e-02
<VARIANCE> 39
 4.052379e+00 8.233817e+00 1.332046e+01 3.346937e+01 2.274181e+01 2.382138e+01 7.307170e+01 1.514200e+01 3.342862e+01 3.198562e+01 1.198486e+01 1.749802e+01 1.145528e+02 3.943196e-01 6.421503e-01 8.729892e-01 7.895116e-01 1.285293e+00 1.702530e+00 1.296318e+00 6.826606e-01 1.297017e+00 1.042647e+00 9.158707e-01 8.387480e-01 3.269115e-01 4.020182e-02 8.737893e-02 1.063450e-01 1.476181e-01 2.249904e-01 2.801060e-01 2.029276e-01 1.474751e-01 2.606984e-01 2.021162e-01 1.761173e-01 1.375337e-01 3.151418e-02
<GCONST> 8.328514e+01
<STATE> 4
<MEAN> 39
 -1.227302e+01 5.747785e+00 -2.338056e+00 -4.849272e+00 -7.771508e+00 -6.580961e+00 -6.968824e+00 6.740415e-01 -2.044009e+00 4.228808e-01 -4.236564e-01 -3.168699e+00 6.408657e+01 -4.208227e-01 -1.791236e-01 -9.868237e-02 9.915967e-02 1.287578e-01 2.700904e-01 -1.360630e-01 -3.297442e-01 -2.272078e-01 -9.893334e-02 -3.397010e-02 -2.391895e-03 -2.893862e-01 3.541927e-02 3.692512e-02 7.790285e-02 6.420423e-03 2.590557e-02 -2.236490e-02 1.597058e-02 1.726989e-02 -6.603210e-02 -1.738039e-02 -1.055175e-02 -3.409025e-02 4.358806e-02
<VARIANCE> 39
 4.399836e+00 1.915075e+01 1.651704e+01 7.663031e+00 1.834490e+01 2.055486e+01 3.224788e+01 1.483426e+01 1.372782e+01 1.348059e+01 8.469527e+00 9.421831e+00 2.741036e+01 1.276902e-01 3.105282e-01 4.325239e-01 5.507442e-01 8.476748e-01 5.707667e-01 9.493542e-01 9.410278e-01 1.013891e+00 8.882609e-01 7.619449e-01 6.738042e-01 7.540438e-02 2.117817e-02 5.526086e-02 7.879782e-02 8.696412e-02 1.370008e-01 1.233235e-01 1.745601e-01 1.768317e-01 1.852496e-01 1.660058e-01 1.526295e-01 1.298877e-01 1.286867e-02
<GCONST> 6.606061e+01
<TRANSP> 5
 0.000000e+00 1.000000e+00 0.000000e+00 0.000000e+00 0.000000e+00
 0.000000e+00 9.245102e-01 7.548974e-02 0.000000e+00 0.000000e+00
 0.000000e+00 0.000000e+00 8.847951e-01 1.152049e-01 0.000000e+00
 0.000000e+00 0.000000e+00 0.000000e+00 8.926784e-01 1.073216e-01
 0.000000e+00 0.000000e+00 0.000000e+00 0.000000e+00 0.000000e+00
<ENDHMM>
~h "p"
<BEGINHMM>
<NUMSTATES> 5
<STATE> 2
<MEAN> 39
 -3.911847e+00 1.328516e+00 -4.855946e+00 -3.977577e+00 -4.904732e+00 -1.406554e+01 -5.580996e+00 2.331135e+00 -1.013518e+01 -4.890119e+00 -1.604663e+00 -5.411773e+00 8.029266e+01 -3.839229e-01 1.061103e+00 4.051298e-01 2.893074e-01 -2.737759e-01 9.302369e-01 1.449056e-01 -7.121602e-02 7.511439e-01 -2.632478e-02 8.337685e-02 6.476607e-01 -1.915157e+00 -2.029734e-01 -7.919947e-02 -1.486866e-01 -1.617613e-01 -1.716789e-01 2.255436e-01 1.228338e-02 -5.009953e-02 2.742820e-01 1.130707e-01 7.431575e-02 1.940024e-01 -1.441925e-01
<VARIANCE> 39
 2.091817e+01 4.271498e+01 3.919106e+01 2.748695e+01 1.086945e+02 8.215565e+01 5.504033e+01 6.209994e+01 7.670789e+01 3.873971e+01 3.116593e+01 2.636351e+01 7.060599e+01 1.891077e+00 3.076240e+00 2.589112e+00 2.735527e+00 3.572404e+00 6.221197e+00 2.256526e+00 2.717524e+00 5.281927e+00 2.818162e+00 1.920596e+00 2.054895e+00 4.974226e+00 3.023191e-01 4.363356e-01 4.228519e-01 4.289730e-01 6.933579e-01 8.655503e-01 4.845273e-01 4.437094e-01 9.120889e-01 5.061868e-01 3.520653e-01 3.149583e-01 6.482539e-01
<GCONST> 1.267785e+02
<STATE> 3
<MEAN> 39
 -8.654604e+00 4.331656e+00 -5.484539e+00 -4.749813e+00 -3.152273e+00 -5.925511e+00 -9.947794e+00 -3.935229e+00 -8.301030e+00 -3.121508e+00 5.147331e-01 -2.151932e+00 6.963244e+01 -8.609538e-01 -4.735173e-02 -1.212755e-01 -2.966039e-01 -4.354559e-01 2.236336e-01 -5.397616e-02 -2.763252e-01 3.111145e-01 7.090405e-03 -8.026668e-02 2.818327e-01 -5.468020e-01 -6.434065e-02 -2.262793e-01 3.374548e-02 -1.597858e-01 1.257935e-01 -2.167946e-01 4.167250e-02 2.646834e-02 -1.351296e-01 -6.980626e-02 -1.316180e-01 -1.986706e-01 6.850964e-01
<VARIANCE> 39
 7.999264e+00 2.344170e+01 1.360533e+01 1.650911e+01 2.392957e+01 2.093930e+01 2.460711e+01 2.246457e+01 2.447278e+01 2.473968e+01 1.617139e+01 2.000187e+01 4.015617e+01 9.297070e-01 1.118001e+00 1.414295e+00 1.273864e+00 1.896244e+00 1.575249e+00 1.446400e+00 1.449115e+00 1.822144e+00 1.481167e+00 1.394929e+00 1.513389e+00 2.613203e+00 1.584805e-01 2.344462e-01 2.764633e-01 3.079677e-01 3.439528e-01 3.954342e-01 2.914796e-01 3.065716e-01 3.782625e-01 2.819282e-01 3.092665e-01 2.809760e-01 2.899211e-01
<GCONST> 9.981161e+01
<STATE> 4
<MEAN> 39
 -1.138532e+01 2.245634e+00 -5.211906e+00 -7.824619e+00 -5.451544e+00 -7.946442e+00 -6.099319e+00 -1.803560e+00 -6.445812e+00 -4.101543e+00 -2.872349e+00 -3.690590e+00 7.712685e+01 8.708850e-01 -8.674099e-01 -5.826506e-01 -7.887651e-01 -6.535985e-01 -9.421185e-01 2.656667e-01 5.285057e-01 -1.743840e-01 -1.317720e-01 -8.596171e-02 -6.193710e-01 2.289491e+00 5.553824e-01 7.007254e-02 -5.615235e-02 1.555874e-01 -6.310278e-02 -1.841535e-01 1.421969e-01 2.615978e-01 -2.651230e-01 -2.653306e-02 1.109130e-01 -1.819572e-01 -4.999347e-02
<VARIANCE> 39
 4.266440e+01 3.212274e+01 3.279668e+01 3.174275e+01 4.213884e+01 6.460276e+01 4.413247e+01 2.917529e+01 2.750229e+01 2.678961e+01 2.177614e+01 2.013226e+01 1.419484e+02 5.969552e+00 3.540785e+00 3.836385e+00 3.429869e+00 3.588235e+00 5.165078e+00 3.702093e+00 3.755444e+00 3.450346e+00 2.328322e+00 2.080643e+00 2.957266e+00 5.865704e+00 1.070582e+00 5.667368e-01 6.314335e-01 6.099013e-01 6.873881e-01 1.033938e+00 7.194182e-01 6.914649e-01 5.790988e-01 5.093178e-01 3.307953e-01 4.304485e-01 1.211211e+00
<GCONST> 1.299361e+02
<TRANSP> 5
 0.000000e+00 1.000000e+00 0.000000e+00 0.000000e+00 0.000000e+00
 0.000000e+00 7.300327e-01 2.699673e-01 0.000000e+00 0.000000e+00
 0.000000e+00 0.000000e+00 8.227819e-01 1.772180e-01 0.000000e+00
 0.000000e+00 0.000000e+00 0.000000e+00 7.830563e-01 2.169438e-01
 0.000000e+00 0.000000e+00 0.000000e+00 0.000000e+00 0.000000e+00
<ENDHMM>
~h "r"
<BEGINHMM>
<NUMSTATES> 5
<STATE> 2
<MEAN> 39
 -7.542346e+00 -1.941493e-01 -6.517263e+00 -4.531394e+00 6.486738e-01 -9.777540e+00 -1.352610e+01 -7.508668e+00 -1.093174e+01 -7.274749e-01 3.613813e+00 -2.879428e+00 7.669914e+01 -2.488330e-01 3.963318e-01 3.212903e-02 2.537236e-01 2.105006e-01 4.114640e-01 3.132624e-01 -7.691216e-02 2.034358e-02 -3.346363e-01 -3.035926e-01 -1.820447e-03 -6.757377e-01 -7.427099e-02 1.556339e-01 1.541294e-01 1.230493e-01 6.937089e-02 1.033687e-01 2.222046e-01 7.315809e-02 4.486864e-02 -5.016231e-02 -2.039315e-01 -1.404667e-01 7.597737e-02
<VARIANCE> 39
 1.511648e+01 1.834407e+01 2.116138e+01 2.738595e+01 3.368393e+01 3.012920e+01 3.297142e+01 2.454768e+01 3.342216e+01 4.037629e+01 2.553989e+01 2.310147e+01 8.424918e+01 9.946977e-01 1.079813e+00 2.054789e+00 1.752535e+00 2.044449e+00 2.047013e+00 1.810124e+00 1.517597e+00 2.340882e+00 1.913647e+00 1.972646e+00 1.664923e+00 7.556285e-01 2.580426e-01 1.907163e-01 3.795494e-01 3.389531e-01 3.451568e-01 4.193809e-01 3.363624e-01 3.540567e-01 4.379964e-01 3.425878e-01 3.656998e-01 3.364730e-01 1.853718e-01
<GCONST> 1.067077e+02
<STATE> 3
<MEAN> 39
 -9.059150e+00 3.849527e+00 -2.968300e+00 -3.632022e+00 1.313288e+00 -5.089536e+00 -7.131571e+00 -4.081061e+00 -1.053779e+01 -3.310272e+00 4.798179e-01 -3.955453e+00 7.483099e+01 -3.351177e-01 4.317243e-01 3.125962e-01 1.452335e-01 8.532405e-05 5.492505e-01 4.578163e-01 3.872958e-01 2.740233e-01 -3.579938e-01 -5.258789e-01 -1.576664e-01 -4.493953e-01 -4.378651e-02 -3.126955e-01 -7.376490e-02 -1.013885e-01 -1.815623e-01 -3.279365e-01 -9.237547e-02 -8.228143e-02 -1.613015e-01 6.909973e-02 3.959125e-02 6.770758e-03 3.316583e-01
<VARIANCE> 39
 3.013545e+01 3.224686e+01 2.594061e+01 4.054555e+01 2.499962e+01 3.368230e+01 3.445228e+01 3.269368e+01 2.760512e+01 3.713225e+01 2.711642e+01 2.092226e+01 7.539314e+01 2.159765e+00 2.275916e+00 3.037948e+00 2.278873e+00 2.894106e+00 3.155088e+00 2.466926e+00 2.415906e+00 3.847677e+00 2.425198e+00 2.202720e+00 1.975107e+00 3.074950e+00 4.245848e-01 3.818913e-01 5.351655e-01 4.144981e-01 5.020897e-01 5.622952e-01 4.445010e-01 5.217944e-01 7.352363e-01 4.722502e-01 4.000773e-01 4.458512e-01 5.419803e-01
<GCONST> 1.197790e+02
<STATE> 4
<MEAN> 39
 -1.066392e+01 1.463976e+00 -1.718917e-01 -2.505855e+00 4.231483e+00 -1.009641e+01 -8.621961e+00 -5.907517e+00 -1.388746e+01 -4.799317e+00 -2.945522e+00 -6.555565e+00 8.220290e+01 -2.385477e-01 -1.668567e-01 2.661942e-01 2.245599e-01 4.359472e-02 -2.861443e-01 -9.305904e-02 -1.075273e-01 -2.758203e-01 -3.633695e-02 -8.153383e-03 -1.854646e-01 1.529847e-01 8.387207e-02 -4.012289e-02 1.764499e-02 7.097171e-02 -8.280890e-02 -3.376240e-02 -1.229683e-02 1.771078e-02 2.333435e-02 5.717360e-02 8.961776e-02 5.963501e-02 -1.180208e-01
<VARIANCE> 39
 3.848193e+01 4.021706e+01 5.036353e+01 9.358556e+01 6.289939e+01 7.990638e+01 4.486861e+01 3.776487e+01 5.865249e+01 4.916949e+01 3.738219e+01 3.664484e+01 5.198779e+01 4.668297e+00 3.892848e+00 4.487286e+00 7.992440e+00 4.800428e+00 8.743971e+00 4.372424e+00 3.352232e+00 6.754835e+00 3.886394e+00 3.123955e+00 3.361421e+00 5.215796e+00 8.504767e-01 6.078720e-01 8.392830e-01 1.409353e+00 7.944268e-01 1.569276e+00 8.226203e-01 5.774894e-01 1.242029e+00 7.874554e-01 6.151944e-01 6.764517e-01 7.769769e-01
<GCONST> 1.405834e+02
<TRANSP> 5
 0.000000e+00 1.000000e+00 0.000000e+00 0.000000e+00 0.000000e+00
 0.000000e+00 7.183721e-01 2.816279e-01 0.000000e+00 0.000000e+00
 0.000000e+00 0.000000e+00 6.891507e-01 3.108493e-01 0.000000e+00
 0.000000e+00 0.000000e+00 0.000000e+00 8.143057e-01 1.856943e-01
 0.000000e+00 0.000000e+00 0.000000e+00 0.000000e+00 0.000000e+00
<ENDHMM>
~h "s"
<BEGINHMM>
<NUMSTATES> 5
<STATE> 2
<MEAN> 39
 -1.499108e+01 1.570690e+00 -2.337586e+00 -4.947138e+00 -2.855626e+00 -5.076777e+00 -7.977369e+00 -3.841797e+00 -9.928840e+00 -4.996542e+00 -2.745698e+00 -5.426137e+00 7.238667e+01 -2.667028e-01 8.408065e-02 2.510587e-01 -1.507744e-01 1.403224e-01 1.722349e-01 6.092102e-02 -7.466793e-02 1.034390e-02 1.079855e-01 -1.117540e-02 3.954163e-03 -3.416680e-02 -2.912062e-01 2.398393e-02 2.156455e-01 -1.407816e-01 1.246397e-01 2.427596e-02 1.605213e-02 -4.086749e-02 1.230391e-02 7.981125e-02 -7.490132e-03 1.353980e-02 1.088913e-01
<VARIANCE> 39
 2.588710e+01 2.927649e+01 1.387989e+01 2.428493e+01 1.739961e+01 3.053477e+01 1.981194e+01 1.945917e+01 2.562912e+01 2.803008e+01 2.600652e+01 1.623597e+01 1.787992e+02 7.154779e-01 8.830780e-01 1.237940e+00 9.599866e-01 1.233486e+00 1.613826e+00 1.150144e+00 1.313848e+00 1.367083e+00 1.119790e+00 1.105994e+00 8.260748e-01 5.156147e-01 3.607370e-01 2.152084e-01 3.236394e-01 2.482007e-01 2.953416e-01 3.899665e-01 2.497230e-01 2.402238e-01 3.858988e-01 3.125394e-01 2.611029e-01 2.131177e-01 1.997897e-01
<GCONST> 9.798790e+01
<STATE> 3
<MEAN> 39
 -1.579900e+01 1.957047e+00 -1.897194e+00 -3.842664e+00 -2.378829e+00 -4.209104e+00 -8.011566e+00 -3.220703e+00 -9.168667e+00 -4.333625e+00 -2.410046e+00 -4.625283e+00 6.854771e+01 -1.407034e+00 6.130925e-02 1.131378e+00 -8.380778e-01 5.727794e-01 1.504913e-02 1.932080e-01 -1.277908e-01 2.349721e-02 3.757934e-01 -1.621203e-01 -1.077723e-01 7.274733e-01 -3.109053e-01 -1.527850e-01 2.739935e-01 -1.913981e-01 1.270145e-02 -1.006226e-02 -8.828286e-05 -8.018872e-02 4.113998e-02 1.145577e-01 1.438893e-03 2.483230e-02 1.915534e-01
<VARIANCE> 39
 2.356325e+01 1.594634e+01 1.336722e+01 1.935568e+01 1.711608e+01 2.836762e+01 1.871163e+01 1.946861e+01 2.905665e+01 2.586621e+01 1.589088e+01 1.318432e+01 1.761892e+02 2.005979e+00 2.212338e+00 3.208558e+00 2.245760e+00 2.302442e+00 3.137350e+00 2.075121e+00 1.847613e+00 2.195700e+00 1.816475e+00 1.583968e+00 1.484128e+00 1.487639e+00 4.070038e-01 2.038570e-01 3.199996e-01 2.678815e-01 3.082302e-01 3.044667e-01 2.672295e-01 2.837264e-01 3.585864e-01 2.746044e-01 2.394704e-01 2.183147e-01 2.165860e-01
<GCONST> 1.051150e+02
<STATE> 4
<MEAN> 39
 -2.306758e+01 5.759275e-02 4.353305e+00 -9.186794e+00 -8.730757e-01 -4.341274e+00 -7.093225e+00 -4.114325e+00 -8.466046e+00 -2.973755e+00 -2.100101e+00 -4.037726e+00 7.679610e+01 -2.152577e-01 -1.948547e-01 2.294716e-02 -2.859040e-01 -1.664831e-01 -6.261766e-02 1.217169e-01 9.404057e-02 1.061850e-01 2.745440e-01 1.568935e-02 6.307008e-02 1.246573e-01 4.582433e-01 -1.847762e-02 -3.047716e-01 1.703853e-01 -1.979197e-01 -7.146862e-02 -7.602286e-02 2.896266e-02 -7.414313e-02 -5.702583e-02 6.154227e-02 -1.778753e-02 -1.514358e-01
<VARIANCE> 39
 7.114158e+01 3.111580e+01 5.273415e+01 3.407864e+01 3.148784e+01 3.507404e+01 3.038145e+01 2.416343e+01 3.334293e+01 2.934441e+01 2.501910e+01 1.805982e+01 1.593574e+02 8.426821e+00 2.353027e+00 4.505380e+00 2.260022e+00 2.315170e+00 2.630327e+00 2.383520e+00 2.032940e+00 2.284940e+00 1.902641e+00 1.664342e+00 1.662235e+00 2.321756e+00 9.559821e-01 5.422647e-01 6.381389e-01 4.815311e-01 4.916509e-01 5.371408e-01 5.461031e-01 4.399047e-01 4.420001e-01 3.738622e-01 3.663728e-01 3.444069e-01 3.780755e-01
<GCONST> 1.211340e+02
<TRANSP> 5
 0.000000e+00 1.000000e+00 0.000000e+00 0.000000e+00 0.000000e+00
 0.000000e+00 4.435944e-01 5.564056e-01 0.000000e+00 0.000000e+00
 0.000000e+00 0.000000e+00 2.049123e-01 7.950877e-01 0.000000e+00
 0.000000e+00 0.000000e+00 0.000000e+00 7.426639e-01 2.573361e-01
 0.000000e+00 0.000000e+00 0.000000e+00 0.000000e+00 0.000000e+00
<ENDHMM>
~h "t"
<BEGINHMM>
<NUMSTATES> 5
<STATE> 2
<MEAN> 39
 -1.621377e+01 8.045192e-01 2.452693e-01 -5.423147e+00 -2.919068e+00 -5.735181e+00 -7.555697e+00 -5.592929e+00 -9.518590e+00 -4.195646e+00 -2.279983e+00 -4.130097e+00 7.478630e+01 1.128517e-01 -6.955194e-01 4.474792e-01 2.499721e-01 4.665880e-01 -8.463066e-01 -3.973913e-02 -3.489558e-02 -5.591749e-01 -3.367329e-01 -2.903872e-02 -1.438733e-01 1.786955e+00 4.608042e-01 1.239807e-01 -1.261830e-04 1.873189e-01 2.078735e-01 -2.669011e-01 -9.107294e-02 2.796994e-01 -2.593595e-01 -1.996274e-01 -1.417463e-02 -1.504819e-01 5.693975e-02
<VARIANCE> 39
 3.425337e+01 4.083670e+01 4.164288e+01 4.398146e+01 3.501836e+01 4.470062e+01 4.395590e+01 3.749116e+01 3.573870e+01 2.826914e+01 2.849012e+01 1.884649e+01 1.261858e+02 4.968791e+00 4.972034e+00 4.497416e+00 5.387455e+00 4.494511e+00 5.147333e+00 3.888081e+00 5.032022e+00 5.037298e+00 3.501892e+00 3.646329e+00 2.547605e+00 8.101368e+00 7.918332e-01 9.280297e-01 7.687362e-01 8.035693e-01 6.810445e-01 8.067069e-01 7.694613e-01 8.812331e-01 8.812021e-01 6.008101e-01 5.697840e-01 4.450216e-01 1.439195e+00
<GCONST> 1.355178e+02
<STATE> 3
<MEAN> 39
 -8.045004e+00 -1.231126e-01 2.438366e+00 -6.653993e-01 1.996280e+00 -1.547568e+01 -9.833437e+00 -9.014010e-01 -1.479197e+01 -6.923963e+00 -7.365559e-01 -5.977257e+00 8.254581e+01 1.505955e+00 6.057497e-01 -5.116460e-01 5.889124e-01 4.405143e-01 -3.857290e-01 2.374548e-02 1.172589e+00 -4.093572e-02 -3.235166e-01 1.638436e-01 -2.287604e-01 -9.188244e-01 -3.781487e-01 2.668373e-02 -3.652057e-01 -3.405977e-01 -4.406183e-01 4.634876e-01 1.542409e-01 -1.334751e-01 5.756943e-01 3.691571e-01 -5.993564e-02 6.039338e-02 -5.067034e-01
<VARIANCE> 39
 2.235388e+01 3.291091e+01 7.742065e+01 7.634603e+01 7.064858e+01 7.242107e+01 5.595117e+01 6.912330e+01 7.284837e+01 5.509479e+01 3.773438e+01 3.104546e+01 8.721573e+01 3.035150e+00 2.917421e+00 4.213683e+00 3.614200e+00 4.421484e+00 7.927907e+00 4.799653e+00 4.083710e+00 7.031571e+00 4.847988e+00 2.744781e+00 3.880200e+00 4.054203e+00 3.475962e-01 3.639843e-01 5.199238e-01 5.903776e-01 5.922128e-01 9.859350e-01 6.294653e-01 7.717822e-01 8.946396e-01 5.566738e-01 4.926729e-01 4.628348e-01 5.207080e-01
<GCONST> 1.349895e+02
<STATE> 4
<MEAN> 39
 -7.933438e+00 2.351568e+00 -2.789460e+00 -4.262954e+00 -2.099252e+00 -1.067085e+01 -1.064244e+01 -2.822314e+00 -1.100221e+01 -4.808179e+00 5.646864e-02 -4.994251e+00 7.614062e+01 -1.547848e-01 1.223959e-01 -3.226650e-01 -6.658948e-02 -2.665846e-01 9.512100e-02 4.526927e-02 1.341980e-01 3.029967e-01 1.318960e-01 -1.663899e-01 -2.842223e-01 -5.020638e-01 -3.546668e-01 -1.326473e-01 2.449079e-01 -8.148196e-02 3.300957e-02 1.226763e-01 2.393376e-02 -1.858201e-01 1.065691e-01 7.631494e-02 -6.076325e-02 2.707645e-03 2.539265e-01
<VARIANCE> 39
 1.729540e+01 3.547157e+01 4.254282e+01 5.028494e+01 4.418346e+01 5.221413e+01 4.710490e+01 4.071997e+01 6.088133e+01 4.641562e+01 2.863675e+01 2.999799e+01 1.160812e+02 7.290451e-01 9.997820e-01 1.395974e+00 1.115949e+00 1.487163e+00 1.591845e+00 2.082618e+00 1.585067e+00 1.746335e+00 1.638931e+00 1.302158e+00 1.503463e+00 9.369751e-01 2.373770e-01 3.516403e-01 2.725558e-01 2.876047e-01 3.877563e-01 4.327006e-01 4.383447e-01 3.921278e-01 6.953015e-01 5.134074e-01 3.832879e-01 3.510753e-01 4.932922e-01
<GCONST> 1.120476e+02
<TRANSP> 5
 0.000000e+00 1.000000e+00 0.000000e+00 0.000000e+00 0.000000e+00
 0.000000e+00 8.096257e-01 1.903743e-01 0.000000e+00 0.000000e+00
 0.000000e+00 0.000000e+00 5.348757e-01 4.651243e-01 0.000000e+00
 0.000000e+00 0.000000e+00 0.000000e+00 6.133533e-01 3.866467e-01
 0.000000e+00 0.000000e+00 0.000000e+00 0.000000e+00 0.000000e+00
<ENDHMM>
~h "u"
<BEGINHMM>
<NUMSTATES> 5
<STATE> 2
<MEAN> 39
 -7.627938e+00 5.749094e+00 2.464288e+00 -2.734861e+00 2.956302e+00 -1.000461e+01 -7.620966e+00 -1.831295e+00 -1.437217e+01 -9.937831e+00 -5.169723e+00 -7.938538e+00 7.944467e+01 1.900865e-01 4.032795e-01 4.023634e-01 3.936760e-01 5.017286e-01 -2.125890e-01 1.099799e-01 5.319887e-01 -2.063765e-01 -1.834049e-01 -2.936311e-01 -2.896386e-01 9.377365e-02 -1.935751e-01 -6.664822e-02 -6.909918e-02 -4.095938e-02 -1.105091e-01 1.042407e-01 4.090584e-02 -7.702710e-02 1.367048e-01 1.802754e-01 8.109783e-02 9.386165e-02 -1.577335e-01
<VARIANCE> 39
 2.381905e+01 3.583617e+01 2.448798e+01 4.834822e+01 6.100097e+01 7.029837e+01 4.693156e+01 4.771538e+01 7.611920e+01 7.102254e+01 3.508249e+01 4.061885e+01 7.480458e+01 2.815359e+00 3.314951e+00 2.450893e+00 4.150912e+00 4.138475e+00 7.307682e+00 3.883131e+00 4.627510e+00 6.780251e+00 7.003181e+00 3.195562e+00 4.121552e+00 4.633832e+00 4.820525e-01 7.316762e-01 5.747795e-01 7.316293e-01 8.081226e-01 1.227307e+00 7.525922e-01 8.710423e-01 1.264897e+00 1.316679e+00 6.450881e-01 7.338949e-01 6.254368e-01
<GCONST> 1.375301e+02
<STATE> 3
<MEAN> 39
 -8.543582e+00 6.019129e+00 4.135408e+00 -4.753110e-01 2.889655e+00 -1.285002e+01 -7.578390e+00 -3.848337e-02 -1.234666e+01 -8.571806e+00 -6.091916e+00 -8.892977e+00 7.986604e+01 -3.902420e-01 -2.961419e-01 -1.078563e-01 2.750601e-01 -1.530125e-01 -2.754413e-01 -2.652445e-01 2.480111e-01 7.686824e-01 6.396926e-01 3.188758e-01 1.550289e-01 -2.909329e-01 -1.727546e-02 -1.952668e-01 -1.548363e-01 -1.010718e-01 -4.016113e-02 9.334032e-02 -1.243401e-01 -2.012033e-01 1.204780e-01 4.218585e-02 8.675624e-02 1.188536e-01 4.721582e-02
<VARIANCE> 39
 1.893205e+01 2.875192e+01 2.228580e+01 5.157424e+01 3.887300e+01 7.132354e+01 5.459261e+01 5.586809e+01 5.794983e+01 4.416814e+01 3.599863e+01 3.299672e+01 5.866993e+01 8.697827e-01 1.637244e+00 1.953878e+00 2.573965e+00 2.486241e+00 4.278606e+00 2.362055e+00 3.012597e+00 3.386121e+00 2.046554e+00 1.970350e+00 2.062616e+00 1.298567e+00 1.424405e-01 2.568382e-01 3.018393e-01 4.041186e-01 4.125887e-01 7.318884e-01 4.756044e-01 5.575458e-01 6.588677e-01 5.091825e-01 3.774452e-01 3.669844e-01 1.546867e-01
<GCONST> 1.169962e+02
<STATE> 4
<MEAN> 39
 -8.009551e+00 8.402438e+00 3.172930e+00 -5.324057e+00 -2.256241e+00 -1.196646e+01 -6.952098e+00 6.614392e-02 -1.208340e+01 -7.679407e+00 -7.294113e+00 -1.121850e+01 7.559415e+01 -2.266552e-01 -3.594247e-01 -3.487780e-01 -1.074934e-02 -9.143456e-02 2.579677e-01 -8.068711e-02 -2.640749e-01 2.659101e-01 3.459730e-01 1.696057e-01 3.165902e-01 -2.704218e-01 -2.334060e-03 -9.142421e-02 -5.634598e-02 2.342718e-02 3.997795e-02 3.222796e-02 2.879928e-03 -4.671608e-02 -4.431678e-02 -2.474867e-02 4.157334e-02 9.190411e-02 4.927367e-02
<VARIANCE> 39
 2.099924e+01 3.387826e+01 2.244228e+01 3.761752e+01 4.926335e+01 6.891049e+01 5.022313e+01 5.156671e+01 4.359450e+01 4.890812e+01 3.278979e+01 4.238589e+01 9.431305e+01 4.493304e-01 9.866158e-01 1.280413e+00 1.161289e+00 1.614644e+00 1.939742e+00 1.703263e+00 1.710458e+00 1.917580e+00 1.734547e+00 1.512845e+00 1.483546e+00 5.520546e-01 5.094085e-02 1.447356e-01 1.597334e-01 2.032425e-01 2.234990e-01 3.404720e-01 3.139270e-01 3.028377e-01 3.074431e-01 3.150536e-01 2.545159e-01 2.330905e-01 8.545850e-02
<GCONST> 1.027456e+02
<TRANSP> 5
 0.000000e+00 1.000000e+00 0.000000e+00 0.000000e+00 0.000000e+00
 0.000000e+00 7.513812e-01 2.486188e-01 0.000000e+00 0.000000e+00
 0.000000e+00 0.000000e+00 5.680766e-01 4.319234e-01 0.000000e+00
 0.000000e+00 0.000000e+00 0.000000e+00 8.479397e-01 1.520603e-01
 0.000000e+00 0.000000e+00 0.000000e+00 0.000000e+00 0.000000e+00
<ENDHMM>
~h "y"
<BEGINHMM>
<NUMSTATES> 5
<STATE> 2
<MEAN> 39
 -1.717143e+01 2.977437e+00 9.823546e-01 -8.043265e+00 -4.043431e+00 -4.895903e+00 -1.966807e+00 -4.991873e+00 -1.040004e+01 -2.854573e+00 -3.087340e+00 -5.868190e+00 7.123548e+01 1.534020e+00 9.914105e-02 2.100500e-01 -1.383277e-01 -6.673896e-01 -1.027717e+00 4.491227e-01 -1.686273e-01 -9.381092e-01 -5.876169e-03 1.403636e-01 5.472150e-02 2.097680e+00 3.400812e-01 -2.241611e-01 -3.040241e-01 2.919667e-02 -1.724401e-01 -1.790239e-01 -1.012584e-01 1.258037e-01 -1.626779e-02 3.012065e-02 1.184670e-01 8.208220e-02 3.561156e-01
<VARIANCE> 39
 4.141676e+01 3.060780e+01 2.708770e+01 2.823132e+01 2.682415e+01 3.495108e+01 3.735561e+01 4.105501e+01 3.566276e+01 4.157719e+01 1.783385e+01 1.767805e+01 3.358825e+01 4.816042e+00 3.560101e+00 2.748304e+00 2.318364e+00 3.316796e+00 4.270717e+00 2.799472e+00 3.405589e+00 3.023938e+00 3.380634e+00 1.847437e+00 1.604681e+00 3.608089e+00 6.999929e-01 8.172733e-01 4.863371e-01 4.655081e-01 5.293013e-01 7.133520e-01 5.795911e-01 5.063569e-01 6.715267e-01 5.617363e-01 3.442208e-01 3.445365e-01 4.809672e-01
<GCONST> 1.224205e+02
<STATE> 3
<MEAN> 39
 -4.265878e+00 -3.244588e+00 -5.528959e+00 -6.312963e+00 -9.284689e+00 -1.260980e+01 -1.380925e+00 -3.212775e-01 -1.170062e+01 -3.597797e+00 1.243392e+00 -3.257690e+00 8.730637e+01 3.443757e-01 -1.202757e+00 -1.210638e+00 3.088000e-01 6.423658e-01 -3.958635e-01 -5.461953e-01 1.241653e-01 4.617186e-01 6.573372e-01 7.534587e-01 1.916835e-01 1.387699e+00 -4.091954e-01 1.798925e-01 2.398508e-01 1.860954e-01 4.403309e-01 1.016739e-01 -2.659264e-01 -2.749306e-01 7.791395e-02 9.146988e-02 -1.047672e-01 -8.931124e-02 -4.599625e-01
<VARIANCE> 39
 2.014525e+01 2.110273e+01 3.634969e+01 2.668141e+01 4.408890e+01 6.315623e+01 3.104683e+01 7.189341e+01 4.237664e+01 7.320583e+01 1.778399e+01 2.721133e+01 1.830771e+01 1.375915e+00 1.680897e+00 1.872563e+00 1.962319e+00 2.603414e+00 1.860661e+00 2.246181e+00 3.232713e+00 2.912054e+00 1.698961e+00 1.570760e+00 2.289696e+00 1.607134e+00 2.640586e-01 3.188604e-01 3.203402e-01 3.239713e-01 3.803240e-01 4.272392e-01 3.558012e-01 4.442484e-01 4.894016e-01 4.779228e-01 3.206784e-01 3.798087e-01 1.689814e-01
<GCONST> 1.126937e+02
<STATE> 4
<MEAN> 39
 -7.704596e+00 -4.304917e+00 -3.223948e+00 2.790406e+00 2.631764e+00 -2.057793e+01 -1.341120e+01 -7.117599e+00 -1.194798e+01 1.710101e+00 1.160429e+00 -6.802637e+00 8.990140e+01 -5.107907e-03 1.998013e-02 1.489935e-02 4.799618e-02 1.033901e-01 -1.972320e-01 -3.080125e-01 -8.794987e-02 -1.026953e-01 1.348155e-01 7.047568e-02 -1.071948e-01 2.006031e-02 3.942436e-02 2.306760e-03 -4.229740e-02 -1.505337e-01 -1.388956e-01 1.169236e-01 1.483490e-01 1.233847e-01 -1.183319e-02 -6.719486e-02 -1.645230e-02 1.586340e-02 -2.201114e-02
<VARIANCE> 39
 1.087265e+01 1.263751e+01 2.422431e+01 3.649473e+01 4.189689e+01 4.252996e+01 3.130203e+01 4.556356e+01 9.812131e+01 7.120755e+01 3.602138e+01 4.361608e+01 6.065660e+00 3.099750e-01 3.113633e-01 1.770169e+00 3.079346e+00 2.982195e+00 3.151088e+00 2.132391e+00 1.781779e+00 1.949177e+00 2.228533e+00 1.413264e+00 2.339447e+00 1.120793e-01 2.653253e-02 5.188942e-02 1.818692e-01 1.962531e-01 2.162286e-01 2.550894e-01 2.330524e-01 2.785558e-01 2.928298e-01 3.744772e-01 2.214907e-01 3.899100e-01 2.007187e-02
<GCONST> 9.543480e+01
<TRANSP> 5
 0.000000e+00 1.000000e+00 0.000000e+00 0.000000e+00 0.000000e+00
 0.000000e+00 8.345184e-01 1.654815e-01 0.000000e+00 0.000000e+00
 0.000000e+00 0.000000e+00 8.431432e-01 1.568568e-01 0.000000e+00
 0.000000e+00 0.000000e+00 0.000000e+00 9.426157e-01 5.738424e-02
 0.000000e+00 0.000000e+00 0.000000e+00 0.000000e+00 0.000000e+00
<ENDHMM>
~h "ay"
<BEGINHMM>
<NUMSTATES> 5
<STATE> 2
<MEAN> 39
 -2.573068e+01 -7.756966e+00 9.893577e+00 -1.262217e+01 -4.595994e+00 -3.172503e+00 -7.928882e+00 -5.944296e+00 -7.452343e+00 5.119737e-01 -1.002058e+00 -4.029901e+00 7.635201e+01 -2.940717e+00 -1.409157e+00 2.559460e+00 -1.823357e+00 3.704191e-01 -2.709084e-02 4.049880e-01 5.480345e-01 5.462511e-01 2.604908e-01 5.809870e-01 3.839766e-01 2.968042e+00 -9.775333e-02 7.627580e-01 -5.450357e-01 3.827893e-01 3.399420e-01 6.483433e-02 1.913321e-01 3.725503e-01 1.053938e-01 -1.990255e-01 -1.141759e-01 3.858622e-02 -2.401548e-01
<VARIANCE> 39
 1.549108e+01 1.068432e+01 3.666918e+01 3.562270e+01 1.870928e+01 2.508763e+01 5.257204e+01 4.237677e+01 4.205698e+01 2.386961e+01 1.390716e+01 1.445543e+01 1.202729e+02 1.120979e+00 2.314337e+00 2.772950e+00 2.073483e+00 2.406330e+00 2.395318e+00 2.192745e+00 2.119756e+00 2.288099e+00 1.511784e+00 1.392739e+00 1.265636e+00 1.056373e+00 3.015562e-01 2.535440e-01 5.463119e-01 4.527400e-01 3.430856e-01 3.827026e-01 4.629954e-01 5.556794e-01 4.794979e-01 3.310417e-01 2.753312e-01 2.582184e-01 2.559941e-01
<GCONST> 1.094767e+02
<STATE> 3
<MEAN> 39
 -3.372790e+01 -6.811771e+00 1.281642e+01 -1.381797e+01 -2.524320e+00 -2.441514e+00 -4.528870e+00 -2.078484e+00 -6.460628e+00 -2.762266e-02 -1.470607e-01 -2.774919e+00 8.243289e+01 -8.641504e-01 5.769106e-01 -3.240722e-01 -3.374296e-01 7.232596e-01 2.993953e-02 2.804464e-01 1.787010e-01 8.445783e-02 5.424455e-02 -1.944420e-01 1.731779e-01 8.835736e-01 8.275806e-01 1.874848e-01 -5.946454e-01 3.185096e-01 -4.424805e-03 -3.328764e-01 -2.798610e-01 -3.110670e-01 -1.128875e-01 -1.256073e-01 -2.712398e-01 -1.190404e-01 -4.394102e-01
<VARIANCE> 39
 8.181808e+00 1.490262e+01 2.599837e+01 2.708331e+01 2.503754e+01 3.733164e+01 4.008065e+01 3.285329e+01 4.048277e+01 2.109191e+01 1.456719e+01 1.311331e+01 1.177987e+02 1.926599e+00 8.832923e-01 1.909818e+00 1.119422e+00 1.519537e+00 1.904350e+00 1.790877e+00 2.568639e+00 1.475342e+00 1.540029e+00 1.377167e+00 1.009137e+00 9.008745e-01 2.580503e-01 2.833450e-01 3.590304e-01 2.662360e-01 2.627644e-01 5.741675e-01 3.552964e-01 4.349255e-01 3.636456e-01 3.152856e-01 2.966112e-01 1.980588e-01 1.131800e-01
<GCONST> 1.028562e+02
<STATE> 4
<MEAN> 39
 -2.939104e+01 -5.664956e+00 6.786129e+00 -1.219565e+01 2.841221e-01 -8.332412e+00 -8.735214e+00 -5.530910e+00 -5.831566e+00 -1.337184e+00 -3.821357e+00 -2.715011e+00 8.325182e+01 3.194683e+00 3.103237e-01 -8.600402e-01 1.528042e+00 -6.474341e-01 -1.573374e+00 -5.085429e-01 -6.310785e-01 -6.185050e-01 -1.136222e+00 -9.134223e-01 -7.524021e-02 -3.081217e-01 8.580172e-01 3.720161e-01 1.500688e-01 5.160989e-02 -4.414305e-01 2.144571e-01 2.532064e-01 1.628373e-01 -4.064959e-01 -2.448620e-01 1.331359e-01 -5.867298e-02 -5.972595e-02
<VARIANCE> 39
 2.596523e+01 2.287887e+01 2.461537e+01 2.826886e+01 4.154337e+01 4.311804e+01 4.635390e+01 3.237656e+01 4.121117e+01 2.360310e+01 2.189136e+01 1.523687e+01 1.135749e+02 2.879330e+00 4.919476e+00 3.603113e+00 2.175940e+00 2.929779e+00 4.960871e+00 5.170669e+00 4.361724e+00 4.997330e+00 2.642071e+00 2.409019e+00 1.645119e+00 1.116461e+00 3.128882e-01 1.103894e+00 5.144356e-01 6.525482e-01 6.251254e-01 1.128667e+00 1.016851e+00 1.064624e+00 1.090764e+00 5.753105e-01 4.748291e-01 3.610287e-01 2.329422e-01
<GCONST> 1.252956e+02
<TRANSP> 5
 0.000000e+00 1.000000e+00 0.000000e+00 0.000000e+00 0.000000e+00
 0.000000e+00 6.099011e-01 3.900990e-01 0.000000e+00 0.000000e+00
 0.000000e+00 0.000000e+00 7.868080e-01 2.131919e-01 0.000000e+00
 0.000000e+00 0.000000e+00 0.000000e+00 7.603988e-01 2.396012e-01
 0.000000e+00 0.000000e+00 0.000000e+00 0.000000e+00 0.000000e+00
<ENDHMM>
~h "ny"
<BEGINHMM>
<NUMSTATES> 5
<STATE> 2
<MEAN> 39
 -9.238196e+00 5.628762e-01 -4.458334e+00 -1.160833e+00 6.194918e+00 -5.601617e+00 -6.119194e+00 -4.648223e+00 -7.591466e+00 -1.729326e-01 4.170544e+00 -3.080914e+00 7.748458e+01 -2.738023e-01 -1.034369e-01 3.672767e-02 -3.602163e-01 -4.439876e-01 1.585113e+00 8.074179e-01 -2.812399e-01 -3.251031e-01 -1.447960e-01 -2.801131e-01 1.007528e-01 -1.270042e+00 -4.253745e-02 -7.224070e-02 6.873559e-02 7.799575e-02 -1.640370e-01 -1.773038e-01 -1.452463e-01 6.630792e-02 -3.460213e-03 -1.164379e-01 -1.782293e-01 -2.020199e-02 -2.796878e-02
<VARIANCE> 39
 8.193508e+00 2.272088e+01 1.365752e+01 2.726406e+01 1.960221e+01 5.005137e+01 5.425408e+01 2.952486e+01 7.158328e+01 1.743559e+01 1.996933e+01 3.663195e+01 5.698544e+01 4.248343e-01 1.995580e+00 1.209640e+00 1.422494e+00 1.840951e+00 1.633433e+00 2.282411e+00 1.687961e+00 1.916927e+00 1.498204e+00 2.442102e+00 1.645245e+00 3.853604e-01 7.014255e-02 3.263254e-01 2.321784e-01 2.757690e-01 3.106471e-01 2.333792e-01 3.674084e-01 2.905834e-01 3.075636e-01 2.937606e-01 3.233004e-01 2.596366e-01 6.323192e-02
<GCONST> 1.001485e+02
<STATE> 3
<MEAN> 39
 -1.095386e+01 -1.493836e+00 -3.919924e+00 -3.004245e+00 -2.798229e+00 -2.578101e-01 -2.685222e+00 -5.427058e+00 -1.125699e+01 -3.727079e+00 -1.796648e+00 -1.394251e+00 7.053601e+01 -2.957761e-01 8.914510e-01 9.997560e-02 1.235591e-01 -4.879292e-01 4.799426e-02 -3.147022e-01 2.377134e-01 2.972812e-01 -2.961341e-01 -2.447880e-01 -1.034944e-01 -8.745064e-01 -1.416794e-02 1.469402e-01 3.456101e-02 -2.110696e-02 1.855303e-01 -9.040484e-02 1.020712e-02 6.212766e-02 3.571128e-02 1.217179e-01 1.315205e-01 -3.800417e-02 7.186384e-02
<VARIANCE> 39
 3.989634e+00 3.306510e+01 9.333129e+00 1.460528e+01 3.088010e+01 1.452192e+01 3.045526e+01 1.622316e+01 1.676950e+01 1.616148e+01 1.458025e+01 1.954002e+01 1.723046e+01 2.129431e-01 1.248534e+00 5.411162e-01 8.682004e-01 1.409619e+00 1.077551e+00 1.356189e+00 1.109688e+00 1.276749e+00 1.238048e+00 1.040699e+00 9.441287e-01 1.392242e-01 4.172660e-02 2.420096e-01 8.605430e-02 1.638580e-01 2.089119e-01 2.052766e-01 2.580588e-01 2.377128e-01 2.329211e-01 2.152764e-01 2.142514e-01 1.640749e-01 2.559398e-02
<GCONST> 8.029522e+01
<STATE> 4
<MEAN> 39
 -1.422642e+01 7.576921e+00 -1.786363e+00 -3.551071e+00 -2.837265e+00 -1.331614e+00 -5.688576e+00 -3.753464e+00 -9.203424e+00 -6.479734e+00 -4.842206e+00 -6.136353e+00 6.522028e+01 -1.491827e-01 1.593719e-02 -3.184038e-02 -1.239032e-01 -1.807552e-01 -1.175275e-01 -7.206209e-02 2.583363e-02 2.499613e-02 -6.434402e-02 -1.171694e-01 -6.920496e-02 -1.392355e-01 1.553307e-02 -4.372986e-02 -1.214284e-02 -4.248610e-03 1.161740e-02 1.501423e-02 1.076464e-02 -2.351036e-02 -2.020662e-02 6.909812e-03 2.729725e-02 1.862875e-02 3.517745e-02
<VARIANCE> 39
 3.632996e+00 8.408549e+00 6.888545e+00 1.107800e+01 1.135548e+01 1.124092e+01 1.252248e+01 9.607529e+00 1.196089e+01 1.606152e+01 1.638911e+01 1.305275e+01 3.930163e+00 1.049858e-01 2.716726e-01 2.772132e-01 4.329529e-01 5.636808e-01 6.772764e-01 7.690921e-01 8.552384e-01 8.328123e-01 7.190762e-01 6.806536e-01 6.525928e-01 6.531698e-02 1.688655e-02 5.074145e-02 5.043789e-02 9.207876e-02 1.148280e-01 1.312087e-01 1.596080e-01 1.631594e-01 1.610105e-01 1.482747e-01 1.417819e-01 1.304245e-01 9.647078e-03
<GCONST> 5.730704e+01
<TRANSP> 5
 0.000000e+00 1.000000e+00 0.000000e+00 0.000000e+00 0.000000e+00
 0.000000e+00 8.843393e-01 1.156607e-01 0.000000e+00 0.000000e+00
 0.000000e+00 0.000000e+00 8.455530e-01 1.544471e-01 0.000000e+00
 0.000000e+00 0.000000e+00 0.000000e+00 9.086087e-01 9.139136e-02
 0.000000e+00 0.000000e+00 0.000000e+00 0.000000e+00 0.000000e+00
<ENDHMM>
~h "sp"
<BEGINHMM>
<NUMSTATES> 3
<STATE> 2
~s "silst"
<TRANSP> 3
 0.000000e+00 1.442759e-01 8.557240e-01
 0.000000e+00 9.351824e-01 6.481762e-02
 0.000000e+00 0.000000e+00 0.000000e+00
<ENDHMM>
~h "sil"
<BEGINHMM>
<NUMSTATES> 5
<STATE> 2
<MEAN> 39
 -1.651419e+01 2.265305e+00 -2.910581e+00 -3.104199e+00 -4.135199e+00 -3.317811e+00 -9.181756e+00 -2.781529e+00 -8.259476e+00 -5.027180e+00 -2.937163e+00 -3.170921e+00 6.436991e+01 -5.162602e-02 2.965325e-02 4.483837e-02 1.034480e-01 1.236347e-02 5.861152e-02 3.134478e-02 1.561798e-02 3.146307e-02 2.471829e-02 -4.870059e-02 -1.825725e-02 -1.176297e-01 -3.890590e-03 5.083333e-03 1.103907e-02 -8.352869e-04 2.683377e-02 1.975603e-02 3.211211e-02 3.259357e-02 1.826121e-02 1.525361e-02 3.451730e-03 -4.461668e-03 1.655163e-02
<VARIANCE> 39
 1.034014e+01 1.581669e+01 2.065257e+01 2.440452e+01 1.983055e+01 1.816631e+01 1.447647e+01 1.494973e+01 1.402480e+01 1.478861e+01 1.202883e+01 1.196810e+01 2.117523e+02 1.327068e-01 2.125255e-01 3.224243e-01 4.699878e-01 5.776740e-01 6.470534e-01 7.465717e-01 7.854795e-01 8.162267e-01 7.825401e-01 6.972358e-01 6.733453e-01 6.707008e-02 1.961855e-02 3.700318e-02 5.886428e-02 8.393470e-02 1.095526e-01 1.244323e-01 1.423677e-01 1.492378e-01 1.521100e-01 1.436939e-01 1.326302e-01 1.269907e-01 7.840714e-03
<GCONST> 6.560046e+01
<STATE> 3
~s "silst"
<STATE> 4
<MEAN> 39
 -1.832617e+01 2.736398e+00 -2.129242e+00 -4.961178e+00 -2.993753e+00 -2.775836e+00 -7.640131e+00 -2.523703e+00 -7.251232e+00 -5.510458e+00 -2.624295e+00 -3.508575e+00 6.504694e+01 -8.330993e-02 3.728991e-03 4.152097e-02 -1.963781e-02 2.877626e-02 3.719414e-02 -1.688568e-02 -2.918668e-02 4.275456e-02 3.331363e-03 2.711916e-02 -3.694805e-02 1.729050e-03 1.828948e-02 -2.797263e-03 -1.095778e-02 1.034696e-02 -1.815803e-02 1.193958e-02 -8.246747e-04 -1.867772e-02 -2.896870e-03 2.506608e-03 -7.017384e-03 -1.280014e-02 -8.727157e-03
<VARIANCE> 39
 1.050862e+01 1.465634e+01 1.708948e+01 2.424099e+01 1.761469e+01 1.372274e+01 1.764127e+01 1.430228e+01 1.843060e+01 2.193446e+01 1.233652e+01 1.268734e+01 1.277008e+02 8.242193e-01 8.398416e-01 1.184228e+00 1.619745e+00 1.295832e+00 1.172672e+00 1.439507e+00 1.327374e+00 1.710618e+00 1.470139e+00 1.186521e+00 1.030171e+00 7.462172e-01 1.662493e-01 1.631863e-01 2.277817e-01 3.114027e-01 2.607497e-01 2.374779e-01 2.850408e-01 2.516112e-01 3.316280e-01 2.664931e-01 2.257039e-01 1.950850e-01 1.414641e-01
<GCONST> 9.266908e+01
<TRANSP> 5
 0.000000e+00 1.000000e+00 0.000000e+00 0.000000e+00 0.000000e+00
 0.000000e+00 8.464661e-01 8.704806e-02 6.648590e-02 0.000000e+00
 0.000000e+00 0.000000e+00 9.338388e-01 6.616113e-02 0.000000e+00
 0.000000e+00 9.440745e-02 0.000000e+00 7.470021e-01 1.585904e-01
 0.000000e+00 0.000000e+00 0.000000e+00 0.000000e+00 0.000000e+00
<ENDHMM>
