~o
<STREAMINFO> 1 39
<VECSIZE> 39<NULLD><MFCC_D_A_0><DIAGC>
~h "a"
<BEGINHMM>
<NUMSTATES> 5
<STATE> 2
<MEAN> 39
 -1.149539e+01 2.139354e+00 -2.676079e+00 -4.703583e+00 -2.669685e+00 -6.646358e+00 -6.427032e+00 -2.476526e+00 -9.306517e+00 -3.915558e+00 -1.819274e+00 -4.564195e+00 7.376078e+01 -6.309971e-02 9.565456e-03 2.166773e-02 3.253039e-02 -1.493948e-03 1.639188e-02 -2.807031e-02 -1.806701e-02 2.800429e-02 3.642116e-03 -2.669233e-02 1.029173e-03 -1.042749e-01 -3.345403e-04 -1.192689e-03 1.778730e-03 1.100481e-03 2.518620e-03 -1.317729e-03 -2.085914e-03 1.259918e-04 -1.233475e-03 -1.218540e-03 -8.580508e-05 -7.793274e-04 3.305734e-03
<VARIANCE> 39
 3.981512e+01 2.962361e+01 3.393351e+01 3.565826e+01 4.419156e+01 6.229430e+01 4.754424e+01 3.813339e+01 4.261065e+01 3.536879e+01 2.873533e+01 2.469974e+01 1.504346e+02 1.372605e+00 1.365011e+00 1.574213e+00 1.613010e+00 1.830087e+00 2.229131e+00 1.876628e+00 1.792336e+00 2.149004e+00 1.607232e+00 1.602096e+00 1.476453e+00 1.790259e+00 2.154960e-01 2.320699e-01 2.516388e-01 2.689106e-01 3.052323e-01 3.656242e-01 3.294698e-01 3.245127e-01 3.862647e-01 2.999707e-01 2.899691e-01 2.677267e-01 2.209844e-01
<GCONST> 1.106916e+02
<STATE> 3
<MEAN> 39
 -1.171580e+01 2.171441e+00 -2.590667e+00 -4.575584e+00 -2.661319e+00 -6.599090e+00 -6.542106e+00 -2.541073e+00 -9.208134e+00 -3.906200e+00 -1.916810e+00 -4.564632e+00 7.340487e+01 -6.309871e-02 5.784759e-03 2.701515e-02 3.605870e-02 7.002018e-03 1.295658e-02 -3.373160e-02 -1.650096e-02 2.386642e-02 -4.080213e-04 -2.620371e-02 -1.715880e-03 -9.203397e-02 4.150952e-04 -8.656284e-04 8.943662e-04 4.389492e-04 2.184409e-03 -4.510008e-04 -1.029396e-03 6.287288e-04 -7.955425e-04 -1.475652e-03 8.253029e-04 -5.827062e-04 3.755767e-03
<VARIANCE> 39
 3.898882e+01 2.962314e+01 3.278001e+01 3.530516e+01 4.352794e+01 6.176213e+01 4.642317e+01 3.687637e+01 4.150378e+01 3.541494e+01 2.808220e+01 2.436253e+01 1.512129e+02 1.300330e+00 1.328192e+00 1.520540e+00 1.595524e+00 1.789552e+00 2.164496e+00 1.817615e+00 1.743709e+00 2.121203e+00 1.595790e+00 1.568747e+00 1.455920e+00 1.708023e+00 2.054993e-01 2.259048e-01 2.439402e-01 2.650628e-01 2.981208e-01 3.556456e-01 3.195039e-01 3.175322e-01 3.819108e-01 2.982239e-01 2.848875e-01 2.650898e-01 2.109637e-01
<GCONST> 1.098330e+02
<STATE> 4
<MEAN> 39
 -1.185614e+01 2.241290e+00 -2.416312e+00 -4.407490e+00 -2.590329e+00 -6.627634e+00 -6.665069e+00 -2.575198e+00 -9.144836e+00 -3.905141e+00 -2.083350e+00 -4.678910e+00 7.323065e+01 -5.495246e-02 3.929506e-03 2.839269e-02 3.678637e-02 1.551572e-02 1.060148e-02 -3.473453e-02 -1.129518e-02 2.094763e-02 -6.039915e-03 -2.107154e-02 -4.527429e-03 -7.091966e-02 4.282868e-04 -3.276482e-04 6.209295e-04 -7.558486e-04 1.846446e-03 3.700108e-04 -2.608211e-04 8.022811e-04 1.293737e-04 -2.116627e-03 1.458160e-03 -3.697226e-04 3.424919e-03
<VARIANCE> 39
 3.869554e+01 3.017040e+01 3.203387e+01 3.557946e+01 4.357068e+01 6.179264e+01 4.569910e+01 3.670655e+01 4.097796e+01 3.763747e+01 2.795296e+01 2.455639e+01 1.510884e+02 1.249342e+00 1.328296e+00 1.493313e+00 1.618531e+00 1.788997e+00 2.158137e+00 1.794716e+00 1.726199e+00 2.154051e+00 1.623850e+00 1.576633e+00 1.470366e+00 1.680780e+00 1.988286e-01 2.247437e-01 2.403399e-01 2.672186e-01 2.960907e-01 3.544422e-01 3.149948e-01 3.160630e-01 3.893126e-01 3.025837e-01 2.863487e-01 2.688515e-01 2.070368e-01
<GCONST> 1.097823e+02
<TRANSP> 5
 0.000000e+00 1.000000e+00 0.000000e+00 0.000000e+00 0.000000e+00
 0.000000e+00 7.364777e-01 2.635223e-01 0.000000e+00 0.000000e+00
 0.000000e+00 0.000000e+00 7.364790e-01 2.635210e-01 0.000000e+00
 0.000000e+00 0.000000e+00 0.000000e+00 8.598352e-01 1.401648e-01
 0.000000e+00 0.000000e+00 0.000000e+00 0.000000e+00 0.000000e+00
<ENDHMM>
~h "b"
<BEGINHMM>
<NUMSTATES> 5
<STATE> 2
<MEAN> 39
 -1.089945e+01 1.171803e+00 1.084653e+00 -5.096121e+00 1.037332e+00 -8.691562e+00 -9.303100e+00 -5.181284e+00 -1.236328e+01 -3.868392e+00 -1.438968e+00 -5.381666e+00 8.173444e+01 2.744994e-01 1.115822e-01 -1.035631e-01 1.858796e-01 7.506520e-02 -5.503284e-02 -1.564095e-02 2.090971e-02 -8.801015e-02 -9.411260e-02 -9.740979e-03 -8.411226e-04 -7.649504e-02 -8.146877e-03 1.328349e-03 1.518535e-03 2.587648e-04 -1.556693e-03 4.202851e-03 4.148485e-03 1.952441e-03 5.112239e-03 1.017572e-03 -1.948776e-03 1.841177e-03 -1.294375e-02
<VARIANCE> 39
 8.572424e+01 4.070482e+01 5.630543e+01 5.652383e+01 5.742941e+01 5.615463e+01 5.510099e+01 3.680445e+01 6.509423e+01 5.834055e+01 3.431988e+01 2.708257e+01 1.015023e+02 4.062764e+00 2.468082e+00 3.227699e+00 3.108038e+00 2.944290e+00 4.149613e+00 2.806441e+00 2.869232e+00 3.815545e+00 2.765555e+00 2.222439e+00 1.899610e+00 2.616613e+00 5.373061e-01 3.964455e-01 5.267202e-01 4.923791e-01 4.755317e-01 7.293007e-01 5.009801e-01 5.479928e-01 6.819836e-01 5.002605e-01 4.065230e-01 3.443934e-01 3.737553e-01
<GCONST> 1.279755e+02
<STATE> 3
<MEAN> 39
 -1.001202e+01 1.572723e+00 7.541668e-01 -4.452899e+00 1.285235e+00 -8.849143e+00 -9.331295e+00 -5.098351e+00 -1.263123e+01 -4.191663e+00 -1.491553e+00 -5.382947e+00 8.138703e+01 2.383971e-01 1.136522e-01 -9.263884e-02 1.806424e-01 6.904290e-02 -4.039480e-02 -7.741133e-04 2.599765e-02 -6.675777e-02 -8.912797e-02 -1.928228e-02 3.778854e-03 -1.140983e-01 -1.255664e-02 -2.831066e-04 4.332384e-03 -2.991042e-03 -1.616227e-03 4.617850e-03 4.359311e-03 1.212080e-03 6.938756e-03 2.624361e-03 -2.824407e-03 1.113478e-03 -9.191178e-03
<VARIANCE> 39
 7.244683e+01 3.985149e+01 5.240894e+01 5.345577e+01 5.679305e+01 5.665901e+01 5.479697e+01 3.692007e+01 6.622005e+01 5.919844e+01 3.529082e+01 2.755989e+01 1.021117e+02 3.434673e+00 2.369355e+00 3.007722e+00 3.007636e+00 2.939451e+00 4.233208e+00 2.784083e+00 2.836962e+00 3.805092e+00 2.782635e+00 2.230542e+00 1.924907e+00 2.581881e+00 4.611967e-01 3.762720e-01 4.983418e-01 4.791241e-01 4.718936e-01 7.424046e-01 4.948008e-01 5.396103e-01 6.827924e-01 5.035161e-01 4.090077e-01 3.502988e-01 3.657435e-01
<GCONST> 1.271345e+02
<STATE> 4
<MEAN> 39
 -9.103609e+00 2.161137e+00 4.517515e-01 -3.631433e+00 1.622811e+00 -8.872138e+00 -9.206030e+00 -4.901403e+00 -1.275132e+01 -4.518848e+00 -1.631787e+00 -5.392126e+00 8.058328e+01 1.646437e-01 1.045026e-01 -6.278338e-02 1.547406e-01 5.655061e-02 -2.141568e-02 1.846296e-02 2.770993e-02 -3.013605e-02 -7.421692e-02 -3.537103e-02 2.178697e-03 -1.362198e-01 -1.526680e-02 -2.673267e-03 5.813435e-03 -5.244700e-03 -1.559949e-03 3.789413e-03 3.639571e-03 2.803174e-04 7.672715e-03 3.823369e-03 -2.902976e-03 -3.848757e-05 -3.386098e-03
<VARIANCE> 39
 5.620387e+01 3.874156e+01 4.631874e+01 4.991747e+01 5.639917e+01 5.835138e+01 5.457253e+01 3.802082e+01 6.750175e+01 5.988468e+01 3.660507e+01 2.824322e+01 1.025172e+02 2.641407e+00 2.236856e+00 2.710675e+00 2.897841e+00 2.860198e+00 4.307027e+00 2.772736e+00 2.754583e+00 3.761950e+00 2.753322e+00 2.259723e+00 1.951988e+00 2.503716e+00 3.625144e-01 3.477360e-01 4.561054e-01 4.624855e-01 4.549096e-01 7.512295e-01 4.919181e-01 5.199054e-01 6.792495e-01 5.006660e-01 4.160748e-01 3.576260e-01 3.489363e-01
<GCONST> 1.257416e+02
<TRANSP> 5
 0.000000e+00 1.000000e+00 0.000000e+00 0.000000e+00 0.000000e+00
 0.000000e+00 7.171755e-01 2.828245e-01 0.000000e+00 0.000000e+00
 0.000000e+00 0.000000e+00 7.171751e-01 2.828249e-01 0.000000e+00
 0.000000e+00 0.000000e+00 0.000000e+00 8.381565e-01 1.618435e-01
 0.000000e+00 0.000000e+00 0.000000e+00 0.000000e+00 0.000000e+00
<ENDHMM>
~h "d"
<BEGINHMM>
<NUMSTATES> 5
<STATE> 2
<MEAN> 39
 -1.497242e+01 -1.202877e+00 2.615354e-01 -7.631083e+00 -2.584735e+00 -8.718787e+00 -8.798872e+00 -3.994610e+00 -1.051484e+01 -3.248290e+00 -1.173318e+00 -4.466732e+00 7.936442e+01 2.760910e-01 1.130447e-03 -1.702690e-01 4.082994e-03 1.599147e-03 -1.641313e-01 -9.286370e-02 -4.524424e-02 -9.739852e-02 7.794679e-03 9.070675e-02 5.499005e-03 2.311728e-01 5.249758e-03 7.937434e-03 -1.058496e-02 1.035623e-02 2.630110e-03 7.891438e-03 -1.870233e-03 2.483114e-04 9.822692e-04 -1.349867e-03 5.227191e-04 3.885952e-04 -2.264590e-02
<VARIANCE> 39
 1.110073e+02 3.626850e+01 6.745317e+01 3.724676e+01 4.215873e+01 6.393848e+01 4.771111e+01 4.081725e+01 5.940517e+01 4.004277e+01 3.022559e+01 2.523043e+01 1.697373e+02 4.715157e+00 2.519776e+00 3.458099e+00 2.463061e+00 2.997710e+00 3.393262e+00 2.822580e+00 2.824581e+00 3.678349e+00 2.565519e+00 2.180089e+00 1.837493e+00 2.847885e+00 6.145850e-01 4.973728e-01 5.309357e-01 4.320699e-01 5.156361e-01 6.293823e-01 5.541750e-01 5.458773e-01 7.023559e-01 4.807547e-01 4.069791e-01 3.450466e-01 4.019679e-01
<GCONST> 1.275787e+02
<STATE> 3
<MEAN> 39
 -1.397108e+01 -1.134613e+00 -4.113324e-01 -7.538717e+00 -2.552881e+00 -9.226755e+00 -9.138787e+00 -4.153625e+00 -1.084996e+01 -3.228207e+00 -8.453193e-01 -4.442754e+00 7.999661e+01 2.742694e-01 2.668039e-02 -1.907869e-01 3.479437e-02 1.151826e-02 -1.283746e-01 -9.375057e-02 -4.297656e-02 -8.974200e-02 3.285404e-03 8.831029e-02 6.973525e-03 1.466036e-01 -3.206262e-03 6.605756e-03 -2.963252e-03 7.495749e-03 3.083327e-03 1.063995e-02 4.129759e-04 9.569103e-04 2.542696e-03 -1.451291e-03 -1.361421e-03 3.381804e-04 -2.333981e-02
<VARIANCE> 39
 1.058433e+02 3.526137e+01 6.568456e+01 3.632333e+01 4.310605e+01 6.368620e+01 4.878242e+01 4.130834e+01 6.131844e+01 4.128027e+01 3.097104e+01 2.575232e+01 1.679365e+02 4.617743e+00 2.468565e+00 3.364325e+00 2.439807e+00 3.070766e+00 3.480100e+00 2.843089e+00 2.823791e+00 3.782585e+00 2.595444e+00 2.215896e+00 1.886755e+00 2.995040e+00 6.163217e-01 4.877284e-01 5.239552e-01 4.335716e-01 5.274383e-01 6.447777e-01 5.568513e-01 5.426792e-01 7.207937e-01 4.866647e-01 4.150969e-01 3.546414e-01 4.242789e-01
<GCONST> 1.278691e+02
<STATE> 4
<MEAN> 39
 -1.264787e+01 -7.571203e-01 -1.364357e+00 -7.218031e+00 -2.373759e+00 -9.620198e+00 -9.550926e+00 -4.333550e+00 -1.129058e+01 -3.274553e+00 -5.051790e-01 -4.458087e+00 8.019946e+01 2.120997e-01 5.133989e-02 -1.609764e-01 5.336676e-02 2.367255e-02 -6.507104e-02 -7.423872e-02 -3.105597e-02 -6.754579e-02 -6.009087e-03 6.650434e-02 6.211786e-03 3.682870e-02 -1.141207e-02 3.913464e-03 6.926300e-03 2.611179e-03 2.410997e-03 1.042652e-02 3.571577e-03 2.452007e-03 3.690749e-03 -2.279277e-03 -4.436415e-03 -4.168930e-04 -1.748265e-02
<VARIANCE> 39
 9.199116e+01 3.434046e+01 6.005302e+01 3.596825e+01 4.437775e+01 6.230643e+01 4.906939e+01 4.220026e+01 6.181567e+01 4.372147e+01 3.145712e+01 2.662691e+01 1.696333e+02 4.379352e+00 2.351330e+00 3.194746e+00 2.419511e+00 3.092770e+00 3.518222e+00 2.796168e+00 2.764047e+00 3.815401e+00 2.597733e+00 2.204713e+00 1.924695e+00 3.194386e+00 6.197895e-01 4.617116e-01 5.114335e-01 4.384971e-01 5.345155e-01 6.518086e-01 5.453076e-01 5.261828e-01 7.245151e-01 4.882209e-01 4.169904e-01 3.613639e-01 4.605218e-01
<GCONST> 1.276929e+02
<TRANSP> 5
 0.000000e+00 1.000000e+00 0.000000e+00 0.000000e+00 0.000000e+00
 0.000000e+00 7.283332e-01 2.716669e-01 0.000000e+00 0.000000e+00
 0.000000e+00 0.000000e+00 7.283320e-01 2.716681e-01 0.000000e+00
 0.000000e+00 0.000000e+00 0.000000e+00 8.498385e-01 1.501615e-01
 0.000000e+00 0.000000e+00 0.000000e+00 0.000000e+00 0.000000e+00
<ENDHMM>
~h "e"
<BEGINHMM>
<NUMSTATES> 5
<STATE> 2
<MEAN> 39
 -1.070813e+01 5.048686e-01 -1.614039e+00 -5.977144e+00 -1.060210e+00 -9.475079e+00 -9.721024e+00 -4.049301e+00 -1.191599e+01 -4.218724e+00 -7.169812e-01 -4.928835e+00 8.024638e+01 6.755603e-02 6.806500e-02 4.814449e-02 6.576293e-02 4.615339e-02 -2.529350e-03 3.539578e-02 5.859526e-02 -2.099968e-02 -7.020374e-02 -6.590018e-02 -4.524343e-02 -1.609432e-02 -3.510352e-03 -1.904893e-03 4.126650e-03 -2.593538e-04 -1.387766e-03 -2.166368e-04 4.158808e-03 3.295429e-03 3.818216e-03 7.539244e-04 -2.712386e-03 -6.615428e-04 1.173220e-03
<VARIANCE> 39
 6.618065e+01 3.226532e+01 5.386264e+01 4.449699e+01 4.958495e+01 6.043191e+01 5.129848e+01 4.479554e+01 5.944074e+01 4.791561e+01 3.358630e+01 2.843120e+01 1.558559e+02 4.060182e+00 2.100021e+00 2.948943e+00 2.700005e+00 2.855888e+00 3.777106e+00 2.717637e+00 2.593676e+00 3.704998e+00 2.569373e+00 2.243670e+00 2.010210e+00 3.542812e+00 6.696305e-01 3.766711e-01 5.010143e-01 4.837628e-01 4.974747e-01 6.847782e-01 5.088869e-01 4.827060e-01 6.888008e-01 4.898654e-01 4.302520e-01 3.660607e-01 5.422817e-01
<GCONST> 1.274869e+02
<STATE> 3
<MEAN> 39
 -1.048457e+01 7.374040e-01 -1.413849e+00 -5.747539e+00 -9.133347e-01 -9.489146e+00 -9.561378e+00 -3.809118e+00 -1.196936e+01 -4.463676e+00 -9.724196e-01 -5.100212e+00 8.019785e+01 5.877281e-02 6.082113e-02 5.694418e-02 6.569786e-02 4.056216e-02 -4.405362e-03 4.816942e-02 6.842277e-02 -7.463676e-03 -6.497273e-02 -7.223379e-02 -4.610953e-02 -1.253860e-02 -2.137059e-03 -2.048615e-03 1.204864e-03 -2.326572e-05 -1.608211e-03 -4.537043e-04 3.051974e-03 2.071683e-03 3.810214e-03 2.054982e-03 -1.051744e-03 2.095302e-04 6.374727e-04
<VARIANCE> 39
 6.387405e+01 3.245122e+01 5.404977e+01 4.630274e+01 5.107631e+01 6.124242e+01 5.199128e+01 4.620395e+01 5.847055e+01 4.809246e+01 3.435933e+01 2.962222e+01 1.541304e+02 3.927787e+00 2.067467e+00 2.911644e+00 2.702865e+00 2.804898e+00 3.816351e+00 2.708773e+00 2.584052e+00 3.636343e+00 2.565370e+00 2.245439e+00 2.031902e+00 3.485846e+00 6.519774e-01 3.655787e-01 4.947119e-01 4.789668e-01 4.855366e-01 6.853776e-01 5.034788e-01 4.780829e-01 6.734621e-01 4.887155e-01 4.285854e-01 3.658499e-01 5.348649e-01
<GCONST> 1.273615e+02
<STATE> 4
<MEAN> 39
 -1.023795e+01 1.097937e+00 -1.125877e+00 -5.442608e+00 -7.917906e-01 -9.407121e+00 -9.192185e+00 -3.378418e+00 -1.189341e+01 -4.720977e+00 -1.400501e+00 -5.351408e+00 7.991447e+01 5.090584e-02 5.073044e-02 5.041533e-02 6.283431e-02 2.780603e-02 -4.531326e-03 5.786027e-02 7.250798e-02 1.113804e-02 -4.915440e-02 -6.909178e-02 -3.993747e-02 -1.728217e-02 -1.494341e-03 -1.673913e-03 -2.059410e-03 -1.839645e-04 -1.881288e-03 5.598640e-04 1.352782e-03 -7.940126e-05 3.770127e-03 3.137526e-03 1.017281e-03 1.859869e-03 -1.658310e-03
<VARIANCE> 39
 6.060669e+01 3.295636e+01 5.446837e+01 4.879388e+01 5.367681e+01 6.300010e+01 5.360870e+01 4.846093e+01 5.747385e+01 4.818262e+01 3.532409e+01 3.118208e+01 1.521068e+02 3.660645e+00 2.032045e+00 2.843411e+00 2.669937e+00 2.715487e+00 3.816635e+00 2.699246e+00 2.569155e+00 3.514357e+00 2.526754e+00 2.239271e+00 2.056486e+00 3.324881e+00 6.059639e-01 3.526213e-01 4.788147e-01 4.644930e-01 4.641765e-01 6.732953e-01 4.954181e-01 4.710246e-01 6.451112e-01 4.799879e-01 4.224413e-01 3.642548e-01 5.068635e-01
<GCONST> 1.269387e+02
<TRANSP> 5
 0.000000e+00 1.000000e+00 0.000000e+00 0.000000e+00 0.000000e+00
 0.000000e+00 7.278869e-01 2.721131e-01 0.000000e+00 0.000000e+00
 0.000000e+00 0.000000e+00 7.278860e-01 2.721140e-01 0.000000e+00
 0.000000e+00 0.000000e+00 0.000000e+00 8.497743e-01 1.502257e-01
 0.000000e+00 0.000000e+00 0.000000e+00 0.000000e+00 0.000000e+00
<ENDHMM>
~h "g"
<BEGINHMM>
<NUMSTATES> 5
<STATE> 2
<MEAN> 39
 -1.157346e+01 1.600690e+00 -1.393266e+00 -1.816708e+00 -5.389276e-01 -8.120204e+00 -9.875300e+00 -4.068233e+00 -1.144738e+01 -3.119801e+00 -1.790131e-01 -3.835962e+00 7.368002e+01 -7.959794e-02 7.861182e-03 -1.191023e-01 -7.510804e-02 -9.269817e-02 1.075411e-01 1.433124e-02 -9.429842e-02 3.479259e-02 1.114418e-02 1.876852e-02 9.336787e-02 -1.943750e-01 -5.252454e-03 1.061515e-03 8.005305e-03 3.404017e-03 -5.200863e-04 2.366141e-03 2.794034e-03 6.175275e-03 3.780500e-03 -3.929125e-03 -7.735381e-03 -3.370944e-03 -4.932593e-03
<VARIANCE> 39
 2.861150e+01 2.669056e+01 6.722887e+01 4.346137e+01 4.692802e+01 5.500431e+01 7.493056e+01 4.019200e+01 5.695603e+01 3.496204e+01 3.099530e+01 2.952929e+01 1.833548e+02 1.137056e+00 1.655146e+00 2.078255e+00 2.136456e+00 2.174487e+00 3.190061e+00 3.182741e+00 1.847831e+00 2.700971e+00 1.721845e+00 1.986608e+00 1.825300e+00 2.486519e+00 1.935157e-01 2.762167e-01 3.153059e-01 3.855707e-01 3.858353e-01 5.181734e-01 5.140773e-01 3.181301e-01 4.924538e-01 3.206719e-01 3.457835e-01 3.233294e-01 3.135034e-01
<GCONST> 1.177031e+02
<STATE> 3
<MEAN> 39
 -1.188401e+01 1.628261e+00 -1.802894e+00 -2.087134e+00 -8.851228e-01 -7.710544e+00 -9.811852e+00 -4.396257e+00 -1.130925e+01 -3.097087e+00 -1.421984e-01 -3.505382e+00 7.293829e+01 -9.630764e-02 1.222218e-02 -8.672880e-02 -6.020481e-02 -9.229480e-02 1.149108e-01 2.717057e-02 -6.663245e-02 4.832308e-02 -2.661250e-03 -1.099233e-02 7.753339e-02 -2.084590e-01 -2.739763e-03 1.239141e-03 9.474243e-03 4.800281e-03 1.485899e-03 9.130085e-04 3.695146e-03 9.353028e-03 3.566260e-03 -2.798098e-03 -7.972131e-03 -6.083468e-03 -7.981175e-04
<VARIANCE> 39
 2.818129e+01 2.597699e+01 6.339151e+01 4.062426e+01 4.579889e+01 5.313658e+01 7.131194e+01 3.843139e+01 5.369247e+01 3.362644e+01 2.894844e+01 2.800534e+01 1.873450e+02 1.080056e+00 1.588837e+00 1.943822e+00 2.041458e+00 2.072790e+00 2.995466e+00 3.037852e+00 1.747088e+00 2.586341e+00 1.629559e+00 1.863561e+00 1.722442e+00 2.333946e+00 1.841802e-01 2.668248e-01 2.963918e-01 3.712549e-01 3.692016e-01 4.923368e-01 4.893905e-01 3.022344e-01 4.734535e-01 3.027652e-01 3.264205e-01 3.060467e-01 2.931631e-01
<GCONST> 1.158259e+02
<STATE> 4
<MEAN> 39
 -1.223367e+01 1.700256e+00 -2.020169e+00 -2.385921e+00 -1.245155e+00 -7.206212e+00 -9.561790e+00 -4.618191e+00 -1.097452e+01 -3.108907e+00 -3.288755e-01 -3.270047e+00 7.235184e+01 -9.304710e-02 1.503118e-02 -4.401504e-02 -3.881993e-02 -7.859106e-02 1.097974e-01 4.459608e-02 -2.021351e-02 5.579970e-02 -1.227733e-02 -4.252387e-02 4.361955e-02 -1.912277e-01 5.111099e-04 8.762831e-04 8.011308e-03 4.332803e-03 2.750196e-03 -6.534976e-04 3.634760e-03 1.010363e-02 2.595867e-03 -1.058290e-03 -6.289100e-03 -7.419079e-03 3.693582e-03
<VARIANCE> 39
 2.850919e+01 2.615874e+01 5.826798e+01 3.850011e+01 4.492273e+01 5.113606e+01 6.466166e+01 3.721384e+01 4.959872e+01 3.344473e+01 2.674859e+01 2.659567e+01 1.839248e+02 1.037442e+00 1.568332e+00 1.835749e+00 1.954247e+00 2.004409e+00 2.812193e+00 2.839784e+00 1.663497e+00 2.469754e+00 1.566061e+00 1.720785e+00 1.632364e+00 2.219568e+00 1.779681e-01 2.640524e-01 2.823815e-01 3.568682e-01 3.570674e-01 4.675455e-01 4.596913e-01 2.896882e-01 4.534360e-01 2.912216e-01 3.067589e-01 2.914681e-01 2.781225e-01
<GCONST> 1.140796e+02
<TRANSP> 5
 0.000000e+00 1.000000e+00 0.000000e+00 0.000000e+00 0.000000e+00
 0.000000e+00 7.432917e-01 2.567083e-01 0.000000e+00 0.000000e+00
 0.000000e+00 0.000000e+00 7.432914e-01 2.567086e-01 0.000000e+00
 0.000000e+00 0.000000e+00 0.000000e+00 8.672343e-01 1.327656e-01
 0.000000e+00 0.000000e+00 0.000000e+00 0.000000e+00 0.000000e+00
<ENDHMM>
~h "h"
<BEGINHMM>
<NUMSTATES> 5
<STATE> 2
<MEAN> 39
 -1.300168e+01 8.626219e-01 -1.470857e-01 -1.429313e+00 5.147716e-01 -6.664365e+00 -8.527284e+00 -3.418511e+00 -8.987258e+00 -4.492425e+00 -2.806136e+00 -5.442641e+00 7.358474e+01 -6.626859e-02 1.012626e-01 -5.809408e-02 -4.754980e-02 -6.119118e-02 1.324698e-01 6.767163e-02 2.570772e-02 1.980725e-02 -2.421219e-02 1.275957e-02 3.112559e-02 -2.449911e-01 2.051046e-03 -2.686068e-03 -1.245053e-04 -2.338834e-03 -3.990502e-03 -1.543508e-03 4.361668e-03 3.009157e-03 -1.570171e-04 -1.444618e-04 -3.498243e-04 -5.081646e-04 5.199591e-03
<VARIANCE> 39
 2.696309e+01 3.082220e+01 4.064797e+01 3.818228e+01 4.211732e+01 6.195008e+01 4.958684e+01 3.065110e+01 3.965031e+01 4.091975e+01 2.857110e+01 2.394922e+01 1.101070e+02 1.466480e+00 1.620040e+00 1.664822e+00 1.866142e+00 2.041163e+00 2.285747e+00 2.100848e+00 1.837104e+00 2.638669e+00 1.789901e+00 1.664303e+00 1.661008e+00 1.667794e+00 2.605346e-01 2.842975e-01 2.742304e-01 2.954428e-01 3.407525e-01 3.979355e-01 3.744591e-01 3.371635e-01 4.713197e-01 3.375164e-01 3.019057e-01 3.088081e-01 2.472921e-01
<GCONST> 1.127408e+02
<STATE> 3
<MEAN> 39
 -1.321801e+01 1.231246e+00 -3.839987e-01 -1.630451e+00 2.612728e-01 -6.180884e+00 -8.242319e+00 -3.308286e+00 -8.925431e+00 -4.597429e+00 -2.758511e+00 -5.333747e+00 7.270866e+01 -5.729058e-02 8.948570e-02 -5.861946e-02 -5.525822e-02 -7.586505e-02 1.258946e-01 8.253615e-02 3.712543e-02 2.073227e-02 -2.300126e-02 1.055890e-02 2.951478e-02 -2.223742e-01 2.604581e-03 -3.035709e-03 3.608856e-04 -1.712019e-03 -3.933104e-03 -1.457214e-03 3.643853e-03 2.792822e-03 4.721000e-04 5.106046e-05 -1.562963e-03 -5.202964e-04 6.631051e-03
<VARIANCE> 39
 2.642499e+01 2.893892e+01 3.848011e+01 3.614559e+01 4.159642e+01 5.672950e+01 4.786745e+01 2.925965e+01 3.684934e+01 3.792228e+01 2.750928e+01 2.293086e+01 1.089929e+02 1.390514e+00 1.567151e+00 1.572561e+00 1.791155e+00 1.978285e+00 2.222666e+00 2.053013e+00 1.813998e+00 2.534099e+00 1.729171e+00 1.628930e+00 1.589530e+00 1.725850e+00 2.465138e-01 2.747188e-01 2.636802e-01 2.886753e-01 3.332559e-01 3.946569e-01 3.693999e-01 3.347916e-01 4.577355e-01 3.275700e-01 2.961217e-01 2.971721e-01 2.521975e-01
<GCONST> 1.114389e+02
<STATE> 4
<MEAN> 39
 -1.335131e+01 1.731615e+00 -5.994943e-01 -1.989204e+00 -1.820558e-01 -5.550125e+00 -7.683254e+00 -3.004674e+00 -8.837524e+00 -4.838234e+00 -2.830798e+00 -5.324307e+00 7.189125e+01 -3.759268e-02 7.359987e-02 -6.042780e-02 -6.282602e-02 -8.995651e-02 1.148345e-01 9.653077e-02 4.873227e-02 2.316258e-02 -2.238094e-02 3.800076e-03 2.787306e-02 -1.821162e-01 2.791938e-03 -2.406060e-03 9.545747e-04 -1.240067e-03 -2.168056e-03 -1.528207e-03 1.939740e-03 1.466733e-03 1.121016e-03 -1.044202e-04 -2.509550e-03 -1.537910e-05 7.191142e-03
<VARIANCE> 39
 2.726521e+01 2.739456e+01 3.676719e+01 3.449732e+01 4.227216e+01 5.063900e+01 4.653734e+01 2.867382e+01 3.431029e+01 3.590944e+01 2.624801e+01 2.180655e+01 1.069082e+02 1.355222e+00 1.546859e+00 1.498268e+00 1.720542e+00 1.928989e+00 2.157339e+00 2.034963e+00 1.800347e+00 2.427072e+00 1.684185e+00 1.595458e+00 1.505963e+00 1.869811e+00 2.394871e-01 2.693231e-01 2.565401e-01 2.845100e-01 3.259267e-01 3.905752e-01 3.685194e-01 3.333567e-01 4.430469e-01 3.190455e-01 2.899763e-01 2.827828e-01 2.684708e-01
<GCONST> 1.104747e+02
<TRANSP> 5
 0.000000e+00 1.000000e+00 0.000000e+00 0.000000e+00 0.000000e+00
 0.000000e+00 7.356171e-01 2.643829e-01 0.000000e+00 0.000000e+00
 0.000000e+00 0.000000e+00 7.356171e-01 2.643829e-01 0.000000e+00
 0.000000e+00 0.000000e+00 0.000000e+00 8.582731e-01 1.417270e-01
 0.000000e+00 0.000000e+00 0.000000e+00 0.000000e+00 0.000000e+00
<ENDHMM>
~h "i"
<BEGINHMM>
<NUMSTATES> 5
<STATE> 2
<MEAN> 39
 -1.091655e+01 1.562353e+00 -4.236937e-02 -1.478353e+00 7.234374e-01 -8.508480e+00 -8.708947e+00 -3.351127e+00 -1.058098e+01 -4.606743e+00 -2.274329e+00 -5.529998e+00 7.644731e+01 -3.270645e-02 6.373590e-02 -1.051779e-01 -7.963319e-02 -1.149426e-01 1.354580e-01 1.084786e-01 2.918254e-02 6.109909e-02 2.070599e-02 -9.305992e-04 5.572065e-02 -1.904686e-01 -1.991947e-03 1.330522e-03 -3.013993e-03 -4.953657e-03 -3.901918e-03 2.838097e-03 2.810979e-04 -1.156674e-03 1.268715e-03 2.363394e-04 2.489554e-03 2.544294e-03 -4.092404e-03
<VARIANCE> 39
 3.268274e+01 3.304037e+01 5.315086e+01 5.298632e+01 5.694820e+01 6.686087e+01 6.486545e+01 4.150248e+01 5.184066e+01 3.893573e+01 3.200473e+01 2.922267e+01 1.337070e+02 1.465536e+00 1.820053e+00 2.279753e+00 2.897717e+00 2.600935e+00 3.729337e+00 2.778403e+00 2.235892e+00 2.955855e+00 2.170029e+00 2.013905e+00 2.048038e+00 2.450894e+00 2.513078e-01 2.960932e-01 3.754663e-01 4.779262e-01 4.205142e-01 6.406438e-01 4.954107e-01 4.096226e-01 5.442804e-01 4.168549e-01 3.577876e-01 3.788655e-01 3.369565e-01
<GCONST> 1.214420e+02
<STATE> 3
<MEAN> 39
 -1.103485e+01 1.805564e+00 -4.596092e-01 -1.798563e+00 2.810293e-01 -7.989182e+00 -8.304679e+00 -3.250882e+00 -1.034670e+01 -4.534115e+00 -2.262943e+00 -5.309919e+00 7.572620e+01 -4.102451e-02 6.696045e-02 -1.117823e-01 -9.195080e-02 -1.235920e-01 1.422528e-01 1.058618e-01 2.362919e-02 6.407330e-02 2.007177e-02 7.593780e-03 6.350157e-02 -2.037315e-01 -2.820723e-03 -1.000616e-04 1.868329e-04 -1.298828e-03 -2.920093e-04 6.825451e-04 -1.606707e-03 -1.563489e-03 8.186361e-04 -4.668661e-04 1.899988e-03 1.469460e-03 -2.855797e-03
<VARIANCE> 39
 3.265821e+01 3.146750e+01 5.037511e+01 5.010505e+01 5.485657e+01 6.424319e+01 6.368301e+01 4.068238e+01 5.064801e+01 3.677249e+01 3.134353e+01 2.793093e+01 1.355558e+02 1.402699e+00 1.730880e+00 2.138291e+00 2.792446e+00 2.468058e+00 3.520992e+00 2.682200e+00 2.155744e+00 2.798976e+00 2.059023e+00 1.959048e+00 1.960097e+00 2.349435e+00 2.410625e-01 2.830341e-01 3.535263e-01 4.671829e-01 4.023497e-01 6.069934e-01 4.786766e-01 3.929063e-01 5.168287e-01 3.960977e-01 3.470170e-01 3.620424e-01 3.197925e-01
<GCONST> 1.198619e+02
<STATE> 4
<MEAN> 39
 -1.120640e+01 2.159595e+00 -9.640436e-01 -2.300471e+00 -3.818574e-01 -7.225756e+00 -7.685099e+00 -3.040023e+00 -9.909035e+00 -4.458095e+00 -2.256465e+00 -5.033514e+00 7.476126e+01 -5.215006e-02 6.214994e-02 -1.040278e-01 -8.585754e-02 -1.125644e-01 1.358107e-01 9.020852e-02 1.382063e-02 6.320421e-02 1.619546e-02 1.419710e-02 6.482264e-02 -2.076982e-01 -3.676616e-03 -1.938132e-03 3.325037e-03 2.404065e-03 2.954713e-03 -1.761929e-03 -3.368597e-03 -1.516766e-03 4.714957e-04 -4.765609e-04 7.219829e-04 -1.004263e-04 -1.069316e-03
<VARIANCE> 39
 3.304928e+01 2.968402e+01 4.645180e+01 4.560908e+01 5.196587e+01 6.063301e+01 6.166676e+01 4.027186e+01 4.879084e+01 3.506744e+01 3.043736e+01 2.623885e+01 1.360178e+02 1.306406e+00 1.633271e+00 1.938710e+00 2.544587e+00 2.279256e+00 3.180390e+00 2.532638e+00 2.042298e+00 2.599803e+00 1.899778e+00 1.887983e+00 1.809615e+00 2.188145e+00 2.229103e-01 2.683201e-01 3.194378e-01 4.315794e-01 3.762349e-01 5.469003e-01 4.500605e-01 3.701148e-01 4.816635e-01 3.657388e-01 3.334712e-01 3.329396e-01 2.911048e-01
<GCONST> 1.173848e+02
<TRANSP> 5
 0.000000e+00 1.000000e+00 0.000000e+00 0.000000e+00 0.000000e+00
 0.000000e+00 7.334995e-01 2.665004e-01 0.000000e+00 0.000000e+00
 0.000000e+00 0.000000e+00 7.334989e-01 2.665011e-01 0.000000e+00
 0.000000e+00 0.000000e+00 0.000000e+00 8.566228e-01 1.433773e-01
 0.000000e+00 0.000000e+00 0.000000e+00 0.000000e+00 0.000000e+00
<ENDHMM>
~h "j"
<BEGINHMM>
<NUMSTATES> 5
<STATE> 2
<MEAN> 39
 -1.134755e+01 1.496012e+00 2.016235e+00 -2.242581e+00 2.582182e+00 -5.463597e+00 -8.204799e+00 -2.933423e+00 -9.429310e+00 -7.313467e+00 -3.572385e+00 -6.095258e+00 7.732184e+01 -3.713446e-02 2.576051e-03 -4.980758e-02 -7.584152e-02 -7.440162e-02 1.483256e-01 4.278167e-02 -2.353029e-02 7.382296e-02 5.874553e-03 -3.443107e-02 3.592731e-02 -1.488570e-01 -2.974947e-03 1.471129e-03 -8.521934e-03 -2.603352e-04 -8.461979e-03 -7.301051e-04 3.926846e-03 1.483649e-03 -2.639169e-03 5.307412e-03 7.113544e-04 1.309430e-03 -1.094367e-02
<VARIANCE> 39
 4.056517e+01 3.257963e+01 5.338852e+01 3.727645e+01 5.896267e+01 3.853666e+01 8.606418e+01 4.066945e+01 4.719429e+01 5.162222e+01 2.695102e+01 2.588119e+01 1.104421e+02 3.307838e+00 2.253074e+00 2.418988e+00 2.057311e+00 2.573671e+00 2.382790e+00 3.662302e+00 2.731516e+00 3.149943e+00 2.731536e+00 1.995680e+00 1.981028e+00 2.450826e+00 6.252645e-01 4.269368e-01 4.352028e-01 3.609286e-01 4.379365e-01 4.669335e-01 5.985851e-01 4.782245e-01 5.591607e-01 5.302364e-01 3.746767e-01 3.428342e-01 4.016275e-01
<GCONST> 1.233622e+02
<STATE> 3
<MEAN> 39
 -1.150510e+01 1.503520e+00 1.806474e+00 -2.510933e+00 2.281269e+00 -4.934188e+00 -8.042289e+00 -3.014509e+00 -9.187616e+00 -7.274174e+00 -3.690865e+00 -5.961298e+00 7.673026e+01 -4.870242e-02 9.107646e-03 -7.501533e-02 -7.032661e-02 -9.987468e-02 1.419271e-01 5.279313e-02 -1.689281e-02 6.341588e-02 2.374718e-02 -3.243085e-02 3.867045e-02 -1.858358e-01 -3.771232e-03 2.457908e-03 -4.440039e-03 3.839514e-03 -4.786560e-03 -3.581012e-03 1.018449e-03 1.952461e-03 -2.785409e-03 4.736593e-03 6.001173e-04 -1.442392e-04 -8.753372e-03
<VARIANCE> 39
 3.856733e+01 3.239930e+01 5.187032e+01 3.593086e+01 5.540654e+01 3.570353e+01 8.230019e+01 3.856913e+01 4.516193e+01 5.084263e+01 2.596664e+01 2.466065e+01 1.103231e+02 3.020555e+00 2.208539e+00 2.301501e+00 1.980942e+00 2.400698e+00 2.228397e+00 3.471531e+00 2.561882e+00 3.014282e+00 2.585573e+00 1.889799e+00 1.856040e+00 2.257537e+00 5.682456e-01 4.168074e-01 4.121000e-01 3.471244e-01 4.115945e-01 4.344308e-01 5.709003e-01 4.491511e-01 5.338260e-01 4.980737e-01 3.553755e-01 3.227733e-01 3.660063e-01
<GCONST> 1.213326e+02
<STATE> 4
<MEAN> 39
 -1.176450e+01 1.656653e+00 1.377052e+00 -2.804191e+00 1.673576e+00 -4.307461e+00 -7.655605e+00 -3.029625e+00 -8.921211e+00 -7.020479e+00 -3.897973e+00 -5.861528e+00 7.573011e+01 -6.118879e-02 1.801465e-02 -7.279878e-02 -3.943495e-02 -9.899659e-02 1.116491e-01 4.128683e-02 -9.833457e-03 4.216044e-02 3.355504e-02 -2.685478e-02 3.313170e-02 -1.985330e-01 -3.162735e-03 2.997282e-03 5.690661e-04 6.317242e-03 -1.344885e-04 -5.821837e-03 -2.116184e-03 1.288376e-03 -2.470460e-03 2.778885e-03 9.300465e-04 -8.332471e-04 -3.688579e-03
<VARIANCE> 39
 3.711211e+01 3.166773e+01 4.868724e+01 3.435076e+01 5.288287e+01 3.268683e+01 7.457765e+01 3.681467e+01 4.381118e+01 4.999571e+01 2.563574e+01 2.349035e+01 1.088415e+02 2.636773e+00 2.163303e+00 2.125803e+00 1.895551e+00 2.222712e+00 2.045253e+00 3.200313e+00 2.356505e+00 2.888390e+00 2.400717e+00 1.812951e+00 1.733572e+00 2.100006e+00 4.912904e-01 4.081679e-01 3.810031e-01 3.319995e-01 3.825210e-01 3.921126e-01 5.380839e-01 4.145432e-01 5.090494e-01 4.584318e-01 3.412235e-01 3.035241e-01 3.350390e-01
<GCONST> 1.189286e+02
<TRANSP> 5
 0.000000e+00 1.000000e+00 0.000000e+00 0.000000e+00 0.000000e+00
 0.000000e+00 7.387666e-01 2.612335e-01 0.000000e+00 0.000000e+00
 0.000000e+00 0.000000e+00 7.387666e-01 2.612334e-01 0.000000e+00
 0.000000e+00 0.000000e+00 0.000000e+00 8.628742e-01 1.371258e-01
 0.000000e+00 0.000000e+00 0.000000e+00 0.000000e+00 0.000000e+00
<ENDHMM>
~h "k"
<BEGINHMM>
<NUMSTATES> 5
<STATE> 2
<MEAN> 39
 -1.238889e+01 -1.270530e+00 -1.842334e+00 -6.402081e+00 -1.517741e+00 -1.049294e+01 -1.085369e+01 -4.807992e+00 -1.140661e+01 -3.479895e+00 2.885294e-02 -4.052659e+00 8.093383e+01 1.145991e-01 6.596836e-02 -7.750623e-02 5.097543e-02 3.396260e-02 -2.030737e-02 -5.296553e-02 -2.314362e-02 -4.933156e-02 -2.656433e-02 3.389366e-02 -1.119680e-02 -3.726136e-02 -8.873259e-03 6.064610e-04 9.707808e-03 1.364056e-03 1.092948e-03 6.819451e-03 7.216048e-03 4.428476e-03 2.582465e-03 -9.357213e-04 -4.617314e-03 -1.890328e-03 -7.445745e-03
<VARIANCE> 39
 7.575943e+01 2.754706e+01 5.480404e+01 4.509595e+01 4.370108e+01 6.052083e+01 4.550698e+01 3.915703e+01 6.319135e+01 3.732502e+01 2.936088e+01 2.368151e+01 1.736983e+02 4.632998e+00 2.302885e+00 3.274497e+00 3.177314e+00 3.184174e+00 3.986924e+00 2.891218e+00 2.735367e+00 3.919940e+00 2.709821e+00 2.311725e+00 2.076761e+00 3.459831e+00 7.403217e-01 4.687160e-01 5.488953e-01 5.882897e-01 5.735452e-01 7.544650e-01 5.723978e-01 5.174450e-01 7.482411e-01 5.373688e-01 4.453863e-01 3.994754e-01 5.421748e-01
<GCONST> 1.289653e+02
<STATE> 3
<MEAN> 39
 -1.204922e+01 -1.025018e+00 -2.027582e+00 -6.215968e+00 -1.389863e+00 -1.052054e+01 -1.098201e+01 -4.846623e+00 -1.156997e+01 -3.586308e+00 1.023638e-01 -4.118457e+00 8.075924e+01 8.431503e-02 6.644703e-02 -3.917193e-02 5.426111e-02 3.602442e-02 -1.034614e-03 -2.580596e-02 -3.687646e-03 -4.007059e-02 -3.072917e-02 1.492178e-02 -1.983953e-02 -5.442075e-02 -7.955824e-03 -1.690161e-04 1.048241e-02 1.113965e-03 4.190687e-04 4.918996e-03 7.449525e-03 5.748577e-03 2.995339e-03 -1.128429e-03 -5.448977e-03 -2.493897e-03 -3.767413e-03
<VARIANCE> 39
 6.924660e+01 2.740659e+01 5.139376e+01 4.506031e+01 4.323677e+01 6.015150e+01 4.498496e+01 3.955268e+01 6.185237e+01 3.830642e+01 2.932766e+01 2.425733e+01 1.752731e+02 4.559982e+00 2.228907e+00 3.174077e+00 3.139482e+00 3.123888e+00 3.936669e+00 2.831923e+00 2.688985e+00 3.841226e+00 2.685841e+00 2.302186e+00 2.083094e+00 3.506999e+00 7.531407e-01 4.514041e-01 5.376030e-01 5.857634e-01 5.663983e-01 7.425984e-01 5.597638e-01 5.062142e-01 7.341064e-01 5.322954e-01 4.461801e-01 3.977590e-01 5.543867e-01
<GCONST> 1.285184e+02
<STATE> 4
<MEAN> 39
 -1.173055e+01 -6.391129e-01 -1.999102e+00 -6.043746e+00 -1.234293e+00 -1.044621e+01 -1.094794e+01 -4.747071e+00 -1.177057e+01 -3.738892e+00 2.897906e-02 -4.313366e+00 8.047018e+01 5.389836e-02 6.648234e-02 1.514312e-02 5.776745e-02 3.192973e-02 1.191171e-02 1.143442e-02 3.295870e-02 -2.599084e-02 -3.810992e-02 -1.696731e-02 -3.659671e-02 -5.960491e-02 -4.706316e-03 -1.961756e-04 8.455399e-03 1.431152e-03 -6.769548e-04 2.369071e-03 6.195930e-03 6.405917e-03 3.324017e-03 -1.020522e-03 -5.399365e-03 -2.638616e-03 -1.146237e-03
<VARIANCE> 39
 6.425715e+01 2.753013e+01 4.900243e+01 4.600503e+01 4.355396e+01 6.045956e+01 4.507767e+01 4.162100e+01 5.941224e+01 4.011230e+01 2.979292e+01 2.588468e+01 1.774095e+02 4.516924e+00 2.113502e+00 3.085536e+00 3.023473e+00 3.002985e+00 3.851166e+00 2.730851e+00 2.617663e+00 3.687991e+00 2.631714e+00 2.271449e+00 2.066765e+00 3.478036e+00 7.662359e-01 4.222046e-01 5.236722e-01 5.648304e-01 5.454252e-01 7.178187e-01 5.362784e-01 4.895511e-01 7.053916e-01 5.193710e-01 4.418421e-01 3.865132e-01 5.517980e-01
<GCONST> 1.278735e+02
<TRANSP> 5
 0.000000e+00 1.000000e+00 0.000000e+00 0.000000e+00 0.000000e+00
 0.000000e+00 7.272977e-01 2.727023e-01 0.000000e+00 0.000000e+00
 0.000000e+00 0.000000e+00 7.272980e-01 2.727020e-01 0.000000e+00
 0.000000e+00 0.000000e+00 0.000000e+00 8.481425e-01 1.518575e-01
 0.000000e+00 0.000000e+00 0.000000e+00 0.000000e+00 0.000000e+00
<ENDHMM>
~h "l"
<BEGINHMM>
<NUMSTATES> 5
<STATE> 2
<MEAN> 39
 -1.591884e+01 1.567013e+00 -7.822785e-01 -4.419390e+00 -2.237862e+00 -4.817773e+00 -7.238819e+00 -2.572619e+00 -8.426882e+00 -4.388152e+00 -2.894700e+00 -4.484343e+00 7.031651e+01 -8.115370e-02 -8.028147e-02 9.497457e-02 -7.988226e-02 -1.272571e-02 -3.786545e-02 1.533425e-02 -1.960263e-02 3.045506e-03 6.509459e-02 1.795839e-02 1.332704e-03 1.482194e-01 -2.206792e-03 -4.939973e-03 4.691759e-03 -7.636748e-03 -1.555244e-03 -4.891436e-03 1.664950e-04 -1.000053e-03 3.027692e-04 3.603335e-04 3.222097e-03 1.953917e-03 1.528212e-02
<VARIANCE> 39
 5.137200e+01 2.522930e+01 3.376016e+01 3.049584e+01 3.090230e+01 4.092863e+01 3.062608e+01 2.548182e+01 3.431740e+01 2.717406e+01 2.022658e+01 1.769952e+01 1.541646e+02 1.636265e+00 1.353133e+00 1.741234e+00 1.608582e+00 1.590155e+00 1.933706e+00 1.781016e+00 1.751348e+00 1.939717e+00 1.571883e+00 1.377442e+00 1.233533e+00 1.348143e+00 2.442688e-01 2.452382e-01 2.925721e-01 2.847859e-01 2.924975e-01 3.548409e-01 3.472490e-01 3.385610e-01 3.732941e-01 2.988259e-01 2.647509e-01 2.391890e-01 1.827566e-01
<GCONST> 1.070108e+02
<STATE> 3
<MEAN> 39
 -1.620299e+01 1.236799e+00 -4.158325e-01 -4.768891e+00 -2.293321e+00 -5.015806e+00 -7.196193e+00 -2.660073e+00 -8.431282e+00 -4.152376e+00 -2.804008e+00 -4.467210e+00 7.100120e+01 -7.619451e-02 -9.535208e-02 1.000568e-01 -1.040047e-01 -1.832453e-02 -5.954370e-02 1.198088e-02 -2.376882e-02 -7.827831e-04 6.439672e-02 3.019117e-02 8.560291e-03 2.039145e-01 2.785840e-03 -3.736597e-03 2.816537e-04 -6.093217e-03 -1.805250e-03 -6.349109e-03 -1.271355e-03 -1.294010e-03 -1.720761e-03 -5.656055e-04 3.393801e-03 1.884409e-03 1.518985e-02
<VARIANCE> 39
 5.861277e+01 2.728496e+01 3.868872e+01 3.252608e+01 3.234792e+01 4.297423e+01 3.225846e+01 2.708663e+01 3.517285e+01 2.763572e+01 2.095825e+01 1.819310e+01 1.560494e+02 1.972111e+00 1.504069e+00 1.988876e+00 1.721702e+00 1.720790e+00 2.072547e+00 1.895779e+00 1.879847e+00 2.055684e+00 1.636144e+00 1.440459e+00 1.283630e+00 1.490039e+00 2.801373e-01 2.745716e-01 3.244062e-01 3.021213e-01 3.149058e-01 3.776552e-01 3.702025e-01 3.627974e-01 3.949061e-01 3.100830e-01 2.747161e-01 2.477823e-01 1.977296e-01
<GCONST> 1.097295e+02
<STATE> 4
<MEAN> 39
 -1.628674e+01 7.447848e-01 -5.054045e-02 -5.443276e+00 -2.456358e+00 -5.570103e+00 -7.170838e+00 -2.820310e+00 -8.550227e+00 -3.827636e+00 -2.583338e+00 -4.439858e+00 7.245828e+01 -2.032149e-02 -9.891042e-02 6.371891e-02 -1.113113e-01 -2.120974e-02 -9.512506e-02 -7.033426e-03 -3.191962e-02 -1.940983e-02 5.390175e-02 4.709430e-02 1.622954e-02 2.632756e-01 1.033587e-02 -3.495982e-04 -7.073414e-03 -9.736074e-04 -9.376162e-04 -6.103027e-03 -3.162422e-03 -1.366028e-03 -3.168394e-03 -1.626232e-03 3.484282e-03 1.291343e-03 9.859596e-03
<VARIANCE> 39
 7.146493e+01 3.030397e+01 4.612881e+01 3.554683e+01 3.543971e+01 4.819628e+01 3.605283e+01 3.050908e+01 3.868454e+01 2.935576e+01 2.262066e+01 1.913126e+01 1.602748e+02 2.559605e+00 1.731151e+00 2.347249e+00 1.897382e+00 1.974278e+00 2.326248e+00 2.101879e+00 2.096079e+00 2.317983e+00 1.781012e+00 1.575193e+00 1.372710e+00 1.725780e+00 3.420476e-01 3.209532e-01 3.702187e-01 3.285269e-01 3.550989e-01 4.188299e-01 4.099624e-01 4.046688e-01 4.436039e-01 3.360848e-01 2.962881e-01 2.630542e-01 2.255652e-01
<GCONST> 1.141503e+02
<TRANSP> 5
 0.000000e+00 1.000000e+00 0.000000e+00 0.000000e+00 0.000000e+00
 0.000000e+00 7.304868e-01 2.695132e-01 0.000000e+00 0.000000e+00
 0.000000e+00 0.000000e+00 7.304866e-01 2.695134e-01 0.000000e+00
 0.000000e+00 0.000000e+00 0.000000e+00 8.527050e-01 1.472950e-01
 0.000000e+00 0.000000e+00 0.000000e+00 0.000000e+00 0.000000e+00
<ENDHMM>
~h "m"
<BEGINHMM>
<NUMSTATES> 5
<STATE> 2
<MEAN> 39
 -1.106317e+01 2.575114e+00 -2.087727e+00 -4.254713e+00 -1.079305e+00 -5.735549e+00 -6.106623e+00 -2.059212e+00 -9.092379e+00 -4.529851e+00 -2.176219e+00 -4.768813e+00 7.485214e+01 -8.681601e-02 1.852036e-02 -3.825636e-02 1.666258e-02 -6.001530e-02 8.832113e-02 -1.111479e-02 -3.897544e-02 2.107657e-02 8.483220e-03 5.045890e-03 3.574326e-02 -2.013168e-01 -9.512238e-05 1.216800e-03 1.280866e-03 -7.650946e-04 -1.384695e-03 -3.635276e-03 -2.301201e-03 6.249046e-04 -3.151059e-03 -2.208877e-03 -2.527436e-03 -1.967070e-03 -3.273611e-04
<VARIANCE> 39
 4.115641e+01 2.605898e+01 4.401708e+01 3.761796e+01 5.272125e+01 5.786020e+01 5.777510e+01 3.859568e+01 4.482329e+01 3.184712e+01 3.125153e+01 2.625714e+01 1.492377e+02 1.496905e+00 1.399828e+00 1.731496e+00 1.815866e+00 1.948790e+00 2.515824e+00 2.037005e+00 1.742677e+00 2.139426e+00 1.596109e+00 1.705787e+00 1.515094e+00 1.402655e+00 2.158801e-01 2.259384e-01 2.693054e-01 2.939470e-01 3.188294e-01 4.146258e-01 3.518478e-01 3.209954e-01 3.781142e-01 2.985992e-01 2.897235e-01 2.699353e-01 1.725200e-01
<GCONST> 1.117889e+02
<STATE> 3
<MEAN> 39
 -1.138930e+01 2.645022e+00 -2.220210e+00 -4.205231e+00 -1.310623e+00 -5.436185e+00 -6.158857e+00 -2.199708e+00 -9.031015e+00 -4.507747e+00 -2.164395e+00 -4.648422e+00 7.412367e+01 -8.679938e-02 2.310745e-02 -3.096487e-02 1.366547e-02 -6.282249e-02 7.436740e-02 -1.922861e-02 -3.499119e-02 1.173600e-02 8.500582e-04 -4.913414e-03 2.823511e-02 -1.988017e-01 2.795464e-04 1.094822e-03 2.678407e-03 -4.533792e-04 1.803467e-04 -4.043719e-03 -2.106676e-03 1.396194e-03 -1.835286e-03 -2.128962e-03 -2.740378e-03 -1.818199e-03 2.201875e-03
<VARIANCE> 39
 3.894450e+01 2.557373e+01 4.145807e+01 3.578260e+01 5.143362e+01 5.503527e+01 5.483216e+01 3.645710e+01 4.288426e+01 3.116314e+01 3.005212e+01 2.503855e+01 1.521953e+02 1.362857e+00 1.348223e+00 1.626442e+00 1.744185e+00 1.850736e+00 2.380906e+00 1.966715e+00 1.668938e+00 2.062565e+00 1.540851e+00 1.644831e+00 1.432897e+00 1.352262e+00 1.957124e-01 2.180028e-01 2.553765e-01 2.825795e-01 3.031185e-01 3.949127e-01 3.395533e-01 3.098818e-01 3.664852e-01 2.884396e-01 2.816271e-01 2.576505e-01 1.658776e-01
<GCONST> 1.100916e+02
<STATE> 4
<MEAN> 39
 -1.174407e+01 2.791195e+00 -2.352548e+00 -4.181359e+00 -1.644986e+00 -5.093871e+00 -6.181902e+00 -2.295929e+00 -8.942193e+00 -4.510297e+00 -2.251373e+00 -4.574173e+00 7.320134e+01 -8.143967e-02 2.549311e-02 -1.570217e-02 9.217295e-03 -5.660662e-02 5.343892e-02 -2.634606e-02 -2.587316e-02 8.126467e-03 -7.675128e-03 -1.508114e-02 1.888387e-02 -1.730881e-01 8.782670e-04 3.652087e-04 2.984366e-03 -1.996397e-04 1.466026e-03 -3.429332e-03 -1.376939e-03 1.504713e-03 1.359605e-04 -1.856491e-03 -1.816809e-03 -1.450168e-03 4.338203e-03
<VARIANCE> 39
 3.697222e+01 2.532145e+01 3.777021e+01 3.394387e+01 5.012857e+01 5.105871e+01 5.130688e+01 3.493482e+01 4.112695e+01 3.192254e+01 2.888576e+01 2.341574e+01 1.521043e+02 1.194348e+00 1.295660e+00 1.500053e+00 1.664042e+00 1.755489e+00 2.222386e+00 1.918901e+00 1.607041e+00 2.030870e+00 1.499636e+00 1.610311e+00 1.362132e+00 1.335907e+00 1.726079e-01 2.092297e-01 2.384794e-01 2.706791e-01 2.884259e-01 3.725694e-01 3.329752e-01 2.999970e-01 3.631189e-01 2.815627e-01 2.800933e-01 2.489492e-01 1.641517e-01
<GCONST> 1.084169e+02
<TRANSP> 5
 0.000000e+00 1.000000e+00 0.000000e+00 0.000000e+00 0.000000e+00
 0.000000e+00 7.347074e-01 2.652926e-01 0.000000e+00 0.000000e+00
 0.000000e+00 0.000000e+00 7.347076e-01 2.652924e-01 0.000000e+00
 0.000000e+00 0.000000e+00 0.000000e+00 8.581610e-01 1.418389e-01
 0.000000e+00 0.000000e+00 0.000000e+00 0.000000e+00 0.000000e+00
<ENDHMM>
~h "n"
<BEGINHMM>
<NUMSTATES> 5
<STATE> 2
<MEAN> 39
 -9.995144e+00 3.043635e+00 -1.893277e+00 -5.045060e+00 -2.766725e+00 -6.990315e+00 -6.081527e+00 -9.662578e-01 -7.494468e+00 -4.370152e+00 -2.094947e+00 -4.328757e+00 7.432999e+01 -7.715274e-02 -7.290943e-03 1.441633e-04 -1.586810e-02 -2.479996e-02 6.217948e-02 4.653482e-02 4.037114e-02 5.323781e-02 1.815781e-02 -4.626696e-03 1.553917e-02 -1.165434e-01 -2.230152e-03 1.381104e-03 1.639324e-03 2.440547e-03 3.285700e-03 4.116433e-04 -1.289390e-03 -2.148352e-03 -2.772791e-03 1.472323e-03 3.871868e-04 -1.380115e-03 -1.385435e-03
<VARIANCE> 39
 4.038601e+01 2.272922e+01 2.897865e+01 3.060798e+01 5.068576e+01 6.191209e+01 5.457462e+01 4.594401e+01 4.293695e+01 3.112597e+01 2.692679e+01 2.149805e+01 1.070087e+02 9.197417e-01 1.039804e+00 1.304742e+00 1.439152e+00 1.655954e+00 1.998621e+00 1.740191e+00 1.780488e+00 1.759429e+00 1.358847e+00 1.595151e+00 1.356986e+00 1.275240e+00 1.246059e-01 1.604358e-01 2.023198e-01 2.391849e-01 2.590355e-01 3.164983e-01 2.990907e-01 3.033563e-01 3.087120e-01 2.522136e-01 2.875433e-01 2.404182e-01 1.316264e-01
<GCONST> 1.051031e+02
<STATE> 3
<MEAN> 39
 -1.028098e+01 3.025575e+00 -1.890122e+00 -5.096124e+00 -2.848743e+00 -6.773085e+00 -5.911930e+00 -8.257272e-01 -7.308382e+00 -4.284317e+00 -2.097386e+00 -4.275547e+00 7.390000e+01 -8.686268e-02 -2.398141e-03 6.463436e-03 -4.982572e-03 -1.167065e-02 6.542005e-02 3.992938e-02 2.997612e-02 4.156227e-02 2.361910e-02 -3.251998e-03 9.960745e-03 -1.247325e-01 -1.824878e-03 1.255406e-03 1.687350e-03 3.583784e-03 3.623791e-03 6.449537e-04 -2.772908e-03 -3.325458e-03 -3.400838e-03 1.045231e-03 -5.213160e-05 -1.971180e-03 -1.873654e-03
<VARIANCE> 39
 4.147090e+01 2.226263e+01 2.841689e+01 2.966635e+01 4.925766e+01 6.154903e+01 5.306413e+01 4.469268e+01 4.159123e+01 3.025861e+01 2.568507e+01 2.048870e+01 1.063490e+02 8.944291e-01 1.012489e+00 1.284363e+00 1.398813e+00 1.604660e+00 1.951246e+00 1.678148e+00 1.735276e+00 1.703088e+00 1.343631e+00 1.539125e+00 1.303084e+00 1.206248e+00 1.194910e-01 1.566576e-01 1.995468e-01 2.326031e-01 2.534191e-01 3.087464e-01 2.880676e-01 2.964390e-01 3.000118e-01 2.498585e-01 2.772848e-01 2.329962e-01 1.239518e-01
<GCONST> 1.040339e+02
<STATE> 4
<MEAN> 39
 -1.045173e+01 3.117656e+00 -1.846411e+00 -5.170978e+00 -2.987206e+00 -6.647220e+00 -5.722883e+00 -5.916886e-01 -7.070035e+00 -4.133899e+00 -2.153500e+00 -4.366325e+00 7.349324e+01 -9.415506e-02 1.459585e-03 9.569929e-03 1.027668e-02 1.732348e-03 6.457372e-02 2.454574e-02 9.590353e-03 2.251000e-02 2.885564e-02 6.855199e-04 2.860717e-03 -1.311817e-01 -1.941166e-03 -1.187910e-04 2.660992e-04 3.386538e-03 2.071795e-03 4.997794e-04 -4.104135e-03 -4.661483e-03 -3.505586e-03 -1.548394e-04 -7.347846e-04 -1.352662e-03 -2.331795e-03
<VARIANCE> 39
 4.369326e+01 2.249603e+01 2.772746e+01 2.928300e+01 4.911813e+01 6.200803e+01 5.078141e+01 4.402682e+01 4.129601e+01 3.093308e+01 2.489991e+01 1.978470e+01 1.040045e+02 9.129961e-01 1.027552e+00 1.262548e+00 1.380926e+00 1.578585e+00 1.925970e+00 1.642730e+00 1.691528e+00 1.690413e+00 1.344910e+00 1.519699e+00 1.266420e+00 1.178610e+00 1.198582e-01 1.588551e-01 1.978404e-01 2.285357e-01 2.515224e-01 3.024572e-01 2.818786e-01 2.903023e-01 2.979350e-01 2.490218e-01 2.729481e-01 2.290766e-01 1.206187e-01
<GCONST> 1.036390e+02
<TRANSP> 5
 0.000000e+00 1.000000e+00 0.000000e+00 0.000000e+00 0.000000e+00
 0.000000e+00 7.385386e-01 2.614615e-01 0.000000e+00 0.000000e+00
 0.000000e+00 0.000000e+00 7.385386e-01 2.614614e-01 0.000000e+00
 0.000000e+00 0.000000e+00 0.000000e+00 8.639292e-01 1.360708e-01
 0.000000e+00 0.000000e+00 0.000000e+00 0.000000e+00 0.000000e+00
<ENDHMM>
~h "o"
<BEGINHMM>
<NUMSTATES> 5
<STATE> 2
<MEAN> 39
 -1.043858e+01 4.662540e+00 -1.629344e+00 -6.320752e+00 -5.446625e+00 -8.500528e+00 -4.767662e+00 1.113988e+00 -5.531136e+00 -3.529819e+00 -1.961334e+00 -4.790679e+00 7.141858e+01 -1.762715e-01 -2.014217e-02 -3.542246e-02 3.980307e-02 -2.181097e-02 8.250678e-02 -4.445314e-02 -6.095943e-02 -2.170484e-02 7.098760e-02 4.623660e-02 1.189326e-02 -2.420436e-01 -6.596553e-03 -2.062530e-03 7.280177e-04 3.230112e-03 4.253912e-03 6.952700e-03 -6.193052e-03 -4.678218e-03 -3.387496e-03 -4.424245e-03 -3.272641e-03 8.402679e-04 -4.498068e-03
<VARIANCE> 39
 4.390036e+01 1.542063e+01 1.899142e+01 2.338476e+01 3.424867e+01 7.300644e+01 4.570964e+01 3.421367e+01 3.733163e+01 2.553912e+01 1.782863e+01 1.656178e+01 9.473882e+01 5.434158e-01 6.511889e-01 8.830147e-01 9.759694e-01 1.282007e+00 1.613583e+00 1.220371e+00 1.524431e+00 1.391111e+00 1.123123e+00 9.714046e-01 8.776401e-01 6.853291e-01 6.715236e-02 1.079693e-01 1.470046e-01 1.661744e-01 2.104163e-01 2.302795e-01 2.193134e-01 2.590201e-01 2.435777e-01 2.001760e-01 1.804441e-01 1.591308e-01 5.877122e-02
<GCONST> 9.269876e+01
<STATE> 3
<MEAN> 39
 -1.117664e+01 4.584723e+00 -1.776990e+00 -6.160445e+00 -5.517894e+00 -8.142148e+00 -4.956453e+00 8.496730e-01 -5.636350e+00 -3.266150e+00 -1.786183e+00 -4.738331e+00 7.043245e+01 -2.010277e-01 -2.907746e-02 -3.231997e-02 5.169666e-02 -5.888858e-03 1.114197e-01 -6.818150e-02 -7.941112e-02 -3.185885e-02 5.201219e-02 3.195507e-02 1.655220e-02 -2.578607e-01 -4.177045e-03 -2.426175e-03 8.071159e-04 2.115319e-03 3.990564e-03 6.104712e-03 -4.498338e-03 -3.322585e-03 -1.421894e-03 -5.566568e-03 -3.907257e-03 1.932906e-03 -1.108503e-03
<VARIANCE> 39
 4.363778e+01 1.473946e+01 1.711657e+01 2.110856e+01 3.133386e+01 7.016945e+01 4.184137e+01 3.087406e+01 3.378617e+01 2.376572e+01 1.639682e+01 1.557381e+01 9.335953e+01 4.806301e-01 6.186351e-01 8.097198e-01 8.944337e-01 1.210902e+00 1.520857e+00 1.169305e+00 1.437174e+00 1.340867e+00 1.085455e+00 9.402310e-01 8.326000e-01 5.887438e-01 6.070798e-02 1.040220e-01 1.363295e-01 1.554112e-01 2.072365e-01 2.232751e-01 2.140130e-01 2.503082e-01 2.399504e-01 1.977728e-01 1.782020e-01 1.531924e-01 5.165413e-02
<GCONST> 9.032389e+01
<STATE> 4
<MEAN> 39
 -1.208994e+01 4.447906e+00 -1.977131e+00 -5.884416e+00 -5.522993e+00 -7.664241e+00 -5.319617e+00 4.720008e-01 -5.815062e+00 -2.988540e+00 -1.653062e+00 -4.696702e+00 6.921543e+01 -2.175658e-01 -3.768113e-02 -2.915316e-02 5.701701e-02 1.020679e-02 1.416839e-01 -8.229851e-02 -9.607139e-02 -3.255782e-02 2.363764e-02 1.157918e-02 2.694781e-02 -2.581248e-01 -8.992244e-04 -2.325615e-03 1.091132e-03 1.193645e-03 3.857364e-03 4.151497e-03 -2.177252e-03 -2.168723e-03 5.122803e-04 -6.133378e-03 -4.523822e-03 2.411499e-03 2.738522e-03
<VARIANCE> 39
 4.210669e+01 1.399096e+01 1.488312e+01 1.851183e+01 2.762906e+01 6.576978e+01 3.604301e+01 2.691526e+01 2.952810e+01 2.171062e+01 1.457670e+01 1.439569e+01 8.835477e+01 4.203218e-01 5.737376e-01 7.237861e-01 7.988855e-01 1.121750e+00 1.422822e+00 1.107001e+00 1.337700e+00 1.267487e+00 1.043293e+00 9.022011e-01 7.907618e-01 4.903382e-01 5.497257e-02 9.902216e-02 1.249257e-01 1.420081e-01 2.007111e-01 2.158697e-01 2.069831e-01 2.404260e-01 2.319248e-01 1.941648e-01 1.741993e-01 1.478626e-01 4.478982e-02
<GCONST> 8.721701e+01
<TRANSP> 5
 0.000000e+00 1.000000e+00 0.000000e+00 0.000000e+00 0.000000e+00
 0.000000e+00 7.521414e-01 2.478586e-01 0.000000e+00 0.000000e+00
 0.000000e+00 0.000000e+00 7.521414e-01 2.478586e-01 0.000000e+00
 0.000000e+00 0.000000e+00 0.000000e+00 8.773084e-01 1.226917e-01
 0.000000e+00 0.000000e+00 0.000000e+00 0.000000e+00 0.000000e+00
<ENDHMM>
~h "p"
<BEGINHMM>
<NUMSTATES> 5
<STATE> 2
<MEAN> 39
 -9.664221e+00 1.703531e+00 -2.980862e+00 -5.309640e+00 -2.606683e+00 -8.384308e+00 -7.676117e+00 -2.718913e+00 -1.008106e+01 -3.740680e+00 -1.300593e+00 -4.913572e+00 7.710333e+01 -1.117021e-02 5.480379e-02 8.272970e-03 4.084158e-02 8.567601e-03 6.930038e-02 -2.219195e-02 -1.407975e-03 3.034744e-02 -2.933230e-02 -1.438227e-02 1.842421e-02 -1.459862e-01 -8.238295e-03 -2.355937e-03 7.381474e-03 2.557071e-03 2.319518e-03 8.392079e-04 -9.212306e-04 -1.250119e-03 4.537901e-04 -2.210249e-03 -3.281202e-03 -5.485270e-04 -2.454294e-03
<VARIANCE> 39
 4.388780e+01 3.565206e+01 4.680038e+01 3.635137e+01 5.389813e+01 6.385381e+01 4.558118e+01 4.194044e+01 5.532494e+01 4.680053e+01 3.050571e+01 2.909124e+01 1.439461e+02 2.352746e+00 2.242192e+00 2.309006e+00 2.097641e+00 2.728664e+00 3.492480e+00 2.570532e+00 2.549054e+00 3.702668e+00 2.373980e+00 2.046859e+00 2.112826e+00 3.578551e+00 3.807560e-01 3.917565e-01 3.813588e-01 3.622248e-01 4.643097e-01 6.094267e-01 4.832190e-01 4.867060e-01 6.811883e-01 4.385674e-01 3.834558e-01 3.895295e-01 4.735989e-01
<GCONST> 1.236270e+02
<STATE> 3
<MEAN> 39
 -9.758827e+00 1.886960e+00 -2.893475e+00 -5.154396e+00 -2.577755e+00 -8.132775e+00 -7.753246e+00 -2.717862e+00 -9.961893e+00 -3.871701e+00 -1.374295e+00 -4.852395e+00 7.656768e+01 -3.998767e-02 4.221847e-02 3.500877e-02 4.837682e-02 1.723176e-02 6.809688e-02 -2.455065e-02 -4.750801e-03 3.150224e-02 -3.530473e-02 -2.462104e-02 1.547392e-02 -1.466689e-01 -7.095259e-03 -3.910942e-03 6.515228e-03 1.374020e-03 2.129070e-03 -1.092405e-03 2.929860e-04 -1.197102e-04 -1.243062e-04 -1.154231e-03 -2.368432e-03 -1.090429e-03 1.391583e-03
<VARIANCE> 39
 4.054147e+01 3.511682e+01 4.684502e+01 3.734901e+01 5.479509e+01 6.257364e+01 4.550553e+01 4.145963e+01 5.418094e+01 4.579778e+01 3.008223e+01 2.826811e+01 1.448813e+02 2.243127e+00 2.228938e+00 2.258367e+00 2.070849e+00 2.699573e+00 3.491375e+00 2.533695e+00 2.525659e+00 3.694447e+00 2.375857e+00 2.008413e+00 2.076020e+00 3.664482e+00 3.754986e-01 3.877147e-01 3.777585e-01 3.591329e-01 4.608915e-01 6.103780e-01 4.785913e-01 4.811621e-01 6.826674e-01 4.437458e-01 3.775585e-01 3.843439e-01 4.917881e-01
<GCONST> 1.232808e+02
<STATE> 4
<MEAN> 39
 -1.002163e+01 2.123645e+00 -2.561726e+00 -4.907753e+00 -2.485188e+00 -7.766764e+00 -7.699545e+00 -2.646111e+00 -9.830707e+00 -4.111356e+00 -1.643126e+00 -4.889839e+00 7.585110e+01 -6.560869e-02 1.489633e-02 6.196300e-02 4.807227e-02 2.422026e-02 5.149744e-02 -1.945722e-02 1.478466e-03 3.092697e-02 -3.512276e-02 -3.025461e-02 8.450981e-03 -1.174683e-01 -4.214286e-03 -4.820219e-03 3.632070e-03 1.635030e-05 1.746528e-03 -2.592831e-03 1.664096e-03 1.464332e-03 -5.147183e-04 7.010915e-04 -9.450853e-04 -1.495364e-03 4.834656e-03
<VARIANCE> 39
 3.815591e+01 3.535061e+01 4.907851e+01 4.059522e+01 5.624872e+01 6.201470e+01 4.633467e+01 4.227689e+01 5.269659e+01 4.505635e+01 2.991311e+01 2.749184e+01 1.425528e+02 2.135082e+00 2.264641e+00 2.236604e+00 2.098037e+00 2.678538e+00 3.513562e+00 2.511269e+00 2.515985e+00 3.681595e+00 2.358395e+00 1.959468e+00 2.036759e+00 3.771007e+00 3.727570e-01 3.897933e-01 3.810444e-01 3.639765e-01 4.579414e-01 6.098708e-01 4.737932e-01 4.775014e-01 6.810133e-01 4.464165e-01 3.683999e-01 3.790641e-01 5.146257e-01
<GCONST> 1.232531e+02
<TRANSP> 5
 0.000000e+00 1.000000e+00 0.000000e+00 0.000000e+00 0.000000e+00
 0.000000e+00 7.352225e-01 2.647775e-01 0.000000e+00 0.000000e+00
 0.000000e+00 0.000000e+00 7.352228e-01 2.647772e-01 0.000000e+00
 0.000000e+00 0.000000e+00 0.000000e+00 8.583412e-01 1.416588e-01
 0.000000e+00 0.000000e+00 0.000000e+00 0.000000e+00 0.000000e+00
<ENDHMM>
~h "r"
<BEGINHMM>
<NUMSTATES> 5
<STATE> 2
<MEAN> 39
 -9.805555e+00 2.046424e-01 -3.068268e+00 -3.572304e+00 -3.151517e-01 -1.028071e+01 -8.774391e+00 -4.363400e+00 -1.157471e+01 -2.961108e+00 -5.977468e-01 -5.229145e+00 7.885338e+01 -4.893045e-02 4.025302e-02 8.603872e-02 1.385872e-03 2.736214e-02 3.865153e-02 6.353498e-02 7.170340e-02 9.016071e-03 -7.959535e-02 -8.762017e-02 -5.078342e-02 -4.954080e-02 -2.938673e-03 1.578812e-04 4.112832e-03 6.233660e-04 -4.728700e-04 3.072678e-03 2.059204e-03 1.453773e-03 2.314075e-03 -1.186256e-03 -1.039662e-03 -1.325941e-03 -3.072363e-03
<VARIANCE> 39
 3.656451e+01 3.598053e+01 4.133597e+01 5.464719e+01 4.770871e+01 7.565366e+01 4.800718e+01 4.189649e+01 5.140482e+01 5.420969e+01 3.173669e+01 3.009544e+01 1.155056e+02 2.118550e+00 1.988019e+00 2.566609e+00 2.762408e+00 2.652836e+00 4.147050e+00 2.485641e+00 2.503404e+00 3.515865e+00 2.391730e+00 2.161120e+00 2.172941e+00 3.404763e+00 3.970630e-01 3.353685e-01 4.398832e-01 4.390858e-01 4.297537e-01 7.156700e-01 4.490974e-01 4.645836e-01 6.440069e-01 4.486315e-01 3.938314e-01 4.122615e-01 4.988776e-01
<GCONST> 1.242858e+02
<STATE> 3
<MEAN> 39
 -9.995817e+00 3.706714e-01 -2.726897e+00 -3.570438e+00 -2.260895e-01 -1.010718e+01 -8.533730e+00 -4.095480e+00 -1.153476e+01 -3.277529e+00 -9.222381e-01 -5.418027e+00 7.862160e+01 -5.633660e-02 4.251548e-02 9.874473e-02 6.347056e-03 2.506690e-02 4.947119e-02 6.770329e-02 7.380599e-02 1.713372e-02 -8.473461e-02 -8.877487e-02 -5.277547e-02 -6.328283e-02 -1.414145e-03 6.814190e-04 3.053579e-03 1.590815e-03 -2.577812e-04 2.784496e-03 -4.976394e-04 9.390035e-05 2.773316e-03 -9.423328e-04 1.374549e-03 2.574919e-04 -3.664151e-03
<VARIANCE> 39
 3.755473e+01 3.654575e+01 4.382743e+01 5.688351e+01 4.852873e+01 7.542448e+01 4.898751e+01 4.256123e+01 5.115156e+01 5.311030e+01 3.173171e+01 3.019740e+01 1.139410e+02 2.189887e+00 2.046312e+00 2.614168e+00 2.926459e+00 2.687726e+00 4.283895e+00 2.546007e+00 2.546984e+00 3.628389e+00 2.431019e+00 2.214704e+00 2.220363e+00 3.430080e+00 4.126684e-01 3.473721e-01 4.488391e-01 4.703622e-01 4.422554e-01 7.437209e-01 4.642411e-01 4.734389e-01 6.636624e-01 4.604421e-01 4.051450e-01 4.202185e-01 5.124589e-01
<GCONST> 1.251792e+02
<STATE> 4
<MEAN> 39
 -1.024582e+01 6.752591e-01 -2.089181e+00 -3.499874e+00 -4.570735e-02 -9.864337e+00 -8.195319e+00 -3.703018e+00 -1.142098e+01 -3.655270e+00 -1.364376e+00 -5.773917e+00 7.838379e+01 -5.642514e-02 4.876383e-02 1.082522e-01 1.425834e-02 1.926664e-02 6.540917e-02 6.267539e-02 6.796513e-02 2.723538e-02 -9.410019e-02 -7.887243e-02 -4.416386e-02 -8.815797e-02 2.257811e-05 1.034856e-04 1.458173e-03 1.240235e-03 -2.785574e-04 2.175288e-03 -2.501733e-03 -1.577447e-03 3.343400e-03 1.495919e-04 4.291864e-03 2.721213e-03 -3.077996e-03
<VARIANCE> 39
 3.822668e+01 3.754041e+01 4.746790e+01 5.939017e+01 4.936729e+01 7.446542e+01 5.164379e+01 4.334029e+01 5.138465e+01 5.159070e+01 3.162868e+01 3.042347e+01 1.103328e+02 2.283346e+00 2.162695e+00 2.674643e+00 3.133545e+00 2.791340e+00 4.411981e+00 2.663956e+00 2.626053e+00 3.821764e+00 2.496104e+00 2.281198e+00 2.309813e+00 3.515682e+00 4.308407e-01 3.710528e-01 4.586360e-01 5.099468e-01 4.668953e-01 7.680721e-01 4.911160e-01 4.887556e-01 6.972900e-01 4.783449e-01 4.161392e-01 4.359943e-01 5.311519e-01
<GCONST> 1.264462e+02
<TRANSP> 5
 0.000000e+00 1.000000e+00 0.000000e+00 0.000000e+00 0.000000e+00
 0.000000e+00 7.256947e-01 2.743053e-01 0.000000e+00 0.000000e+00
 0.000000e+00 0.000000e+00 7.256947e-01 2.743053e-01 0.000000e+00
 0.000000e+00 0.000000e+00 0.000000e+00 8.460237e-01 1.539763e-01
 0.000000e+00 0.000000e+00 0.000000e+00 0.000000e+00 0.000000e+00
<ENDHMM>
~h "s"
<BEGINHMM>
<NUMSTATES> 5
<STATE> 2
<MEAN> 39
 -1.649520e+01 1.430548e+00 -1.302176e+00 -4.716635e+00 -2.511305e+00 -4.370260e+00 -7.889843e+00 -2.834862e+00 -8.463449e+00 -4.278263e+00 -2.549000e+00 -4.261322e+00 6.966662e+01 -2.167969e-02 -6.508725e-03 4.534709e-02 5.412423e-03 1.425793e-02 -1.451213e-02 5.285897e-03 -3.316034e-03 -1.633581e-02 4.289077e-02 -1.688736e-02 -2.868411e-02 2.839446e-02 -5.746980e-03 -8.253090e-04 7.657915e-03 -7.411146e-03 2.514111e-03 -1.904550e-03 -8.752182e-04 -5.850524e-04 2.697903e-03 -3.634224e-03 2.753376e-04 1.287855e-03 7.567757e-03
<VARIANCE> 39
 4.030617e+01 2.145188e+01 2.902185e+01 3.177256e+01 2.472926e+01 3.261497e+01 2.308798e+01 2.323381e+01 2.834745e+01 2.388940e+01 1.907679e+01 1.557636e+01 1.746018e+02 2.189467e+00 1.094285e+00 1.568302e+00 1.375422e+00 1.332008e+00 1.660266e+00 1.433433e+00 1.487483e+00 1.750569e+00 1.393765e+00 1.218204e+00 1.094690e+00 1.204491e+00 3.377262e-01 2.030939e-01 2.625256e-01 2.561315e-01 2.540598e-01 3.142876e-01 2.840897e-01 2.956497e-01 3.444195e-01 2.658011e-01 2.380753e-01 2.100708e-01 1.849491e-01
<GCONST> 1.027200e+02
<STATE> 3
<MEAN> 39
 -1.662935e+01 1.389561e+00 -1.052212e+00 -4.771084e+00 -2.456196e+00 -4.435524e+00 -7.868995e+00 -2.852105e+00 -8.501817e+00 -4.152499e+00 -2.609966e+00 -4.357345e+00 6.984579e+01 -4.297218e-02 -1.442119e-02 7.772874e-02 -2.117797e-02 1.774154e-02 -1.770973e-02 6.538914e-03 -7.623105e-03 -1.106396e-02 3.402925e-02 -1.691138e-02 -2.549684e-02 5.956211e-02 -5.991146e-03 -2.754176e-03 9.446053e-03 -7.687141e-03 5.985152e-04 -9.452819e-04 7.208909e-04 -1.257668e-03 1.034452e-03 -2.234926e-03 1.597589e-04 8.889869e-04 9.556382e-03
<VARIANCE> 39
 4.284389e+01 2.286596e+01 3.075058e+01 3.264166e+01 2.536493e+01 3.350737e+01 2.363371e+01 2.366594e+01 2.867517e+01 2.419332e+01 1.945523e+01 1.587814e+01 1.743748e+02 2.313260e+00 1.192242e+00 1.688965e+00 1.483504e+00 1.372849e+00 1.740227e+00 1.488173e+00 1.537742e+00 1.798340e+00 1.427363e+00 1.243182e+00 1.109022e+00 1.308553e+00 3.537623e-01 2.179465e-01 2.828847e-01 2.731169e-01 2.621375e-01 3.290974e-01 2.943797e-01 3.054715e-01 3.524808e-01 2.718090e-01 2.412215e-01 2.115672e-01 1.980853e-01
<GCONST> 1.042267e+02
<STATE> 4
<MEAN> 39
 -1.688996e+01 1.190024e+00 -3.861390e-01 -5.191986e+00 -2.439820e+00 -4.718267e+00 -7.778390e+00 -2.896329e+00 -8.606840e+00 -3.979800e+00 -2.691001e+00 -4.505550e+00 7.063923e+01 -6.614327e-02 -3.953737e-02 1.252794e-01 -6.628833e-02 1.277639e-02 -3.755219e-02 1.042788e-02 -1.638523e-02 -1.400942e-02 2.880381e-02 -1.169981e-02 -2.125171e-02 1.353044e-01 -3.560962e-03 -4.738352e-03 7.815179e-03 -7.604565e-03 -9.150176e-04 -3.654539e-03 8.438031e-04 -1.482401e-03 -9.913101e-04 -8.257368e-04 1.107654e-03 9.501984e-04 1.407875e-02
<VARIANCE> 39
 5.233677e+01 2.666702e+01 3.666571e+01 3.549297e+01 2.746108e+01 3.696335e+01 2.579775e+01 2.583607e+01 3.039348e+01 2.631726e+01 2.059095e+01 1.696891e+01 1.748856e+02 2.676516e+00 1.448981e+00 2.049447e+00 1.724940e+00 1.529446e+00 1.951003e+00 1.647925e+00 1.711146e+00 1.949539e+00 1.556728e+00 1.347552e+00 1.184618e+00 1.564764e+00 3.933514e-01 2.605530e-01 3.365647e-01 3.084984e-01 2.894558e-01 3.643054e-01 3.244335e-01 3.388442e-01 3.779190e-01 2.942047e-01 2.589461e-01 2.238319e-01 2.281420e-01
<GCONST> 1.084700e+02
<TRANSP> 5
 0.000000e+00 1.000000e+00 0.000000e+00 0.000000e+00 0.000000e+00
 0.000000e+00 7.282465e-01 2.717535e-01 0.000000e+00 0.000000e+00
 0.000000e+00 0.000000e+00 7.282467e-01 2.717533e-01 0.000000e+00
 0.000000e+00 0.000000e+00 0.000000e+00 8.498555e-01 1.501445e-01
 0.000000e+00 0.000000e+00 0.000000e+00 0.000000e+00 0.000000e+00
<ENDHMM>
~h "t"
<BEGINHMM>
<NUMSTATES> 5
<STATE> 2
<MEAN> 39
 -1.092611e+01 1.835877e+00 -8.624216e-01 -4.165323e+00 -1.542405e+00 -8.279213e+00 -7.372115e+00 -2.375877e+00 -1.016280e+01 -4.669506e+00 -2.239676e+00 -5.475668e+00 7.601516e+01 -1.425966e-03 2.538395e-02 -1.287373e-02 7.001413e-02 3.170831e-02 7.347512e-02 3.754647e-02 3.915205e-02 5.387907e-02 -7.223069e-03 -1.702666e-02 7.894249e-03 -1.161081e-01 -5.139279e-03 4.829178e-04 -2.006920e-03 -3.955216e-03 -1.428451e-03 6.921370e-03 8.538616e-05 -1.824756e-03 1.526896e-03 3.004555e-04 1.115265e-03 2.444344e-03 -6.086180e-03
<VARIANCE> 39
 4.039767e+01 3.604420e+01 5.083286e+01 4.983520e+01 5.278666e+01 6.440488e+01 6.118043e+01 4.535489e+01 4.879775e+01 3.906216e+01 3.162234e+01 2.789702e+01 1.370016e+02 2.019085e+00 1.938226e+00 2.276814e+00 2.100743e+00 2.575866e+00 3.200508e+00 2.529857e+00 2.418755e+00 2.961511e+00 2.162891e+00 1.985761e+00 1.854196e+00 3.029649e+00 3.409814e-01 3.312136e-01 3.712684e-01 3.642389e-01 4.320548e-01 5.330924e-01 4.573833e-01 4.344738e-01 5.465744e-01 4.106615e-01 3.542700e-01 3.329878e-01 4.255945e-01
<GCONST> 1.214809e+02
<STATE> 3
<MEAN> 39
 -1.097996e+01 1.933018e+00 -9.119880e-01 -3.926434e+00 -1.433285e+00 -7.963453e+00 -7.229145e+00 -2.244419e+00 -9.947931e+00 -4.692959e+00 -2.303346e+00 -5.426951e+00 7.554246e+01 -2.065294e-02 2.613229e-02 -2.117277e-02 5.308061e-02 2.446571e-02 9.696738e-02 3.718297e-02 3.055409e-02 5.802594e-02 -5.704433e-03 -1.224832e-02 1.717166e-02 -1.359336e-01 -5.436897e-03 1.273873e-04 -1.904301e-03 -5.199743e-03 -2.632194e-03 5.427145e-03 -3.717437e-04 -2.931302e-03 6.561144e-04 1.693815e-04 1.095070e-03 2.433362e-03 -5.045764e-03
<VARIANCE> 39
 3.876331e+01 3.528053e+01 5.013888e+01 4.865816e+01 5.186574e+01 6.290525e+01 6.095245e+01 4.395576e+01 4.846586e+01 3.811143e+01 3.116874e+01 2.760957e+01 1.367354e+02 1.831916e+00 1.827612e+00 2.146430e+00 1.990170e+00 2.486974e+00 2.994346e+00 2.475764e+00 2.312804e+00 2.810036e+00 2.087083e+00 1.919140e+00 1.801870e+00 2.776344e+00 3.118277e-01 3.100231e-01 3.502972e-01 3.438926e-01 4.163028e-01 4.960399e-01 4.428106e-01 4.135753e-01 5.148864e-01 3.963862e-01 3.425479e-01 3.234856e-01 3.873377e-01
<GCONST> 1.198568e+02
<STATE> 4
<MEAN> 39
 -1.117300e+01 2.171033e+00 -9.735072e-01 -3.743659e+00 -1.406700e+00 -7.370187e+00 -6.971545e+00 -2.081875e+00 -9.594054e+00 -4.758602e+00 -2.489149e+00 -5.372855e+00 7.472398e+01 -4.510234e-02 2.357279e-02 -3.036855e-02 2.701692e-02 9.509809e-03 1.118167e-01 3.272861e-02 1.379988e-02 5.656701e-02 -2.429675e-03 -5.799258e-03 2.763276e-02 -1.485520e-01 -4.169731e-03 -4.419045e-04 -1.671798e-03 -5.095426e-03 -3.368493e-03 2.034169e-03 -9.607518e-04 -3.220547e-03 -6.601937e-04 2.620865e-04 1.004913e-03 1.482376e-03 -2.540520e-03
<VARIANCE> 39
 3.732337e+01 3.412616e+01 4.864716e+01 4.614121e+01 5.034156e+01 5.990337e+01 5.953835e+01 4.205165e+01 4.697098e+01 3.742688e+01 3.060651e+01 2.701968e+01 1.353118e+02 1.601366e+00 1.690715e+00 1.958296e+00 1.848576e+00 2.328670e+00 2.697130e+00 2.374592e+00 2.160861e+00 2.602446e+00 1.981522e+00 1.821692e+00 1.713285e+00 2.429769e+00 2.747958e-01 2.849519e-01 3.202742e-01 3.178637e-01 3.903058e-01 4.452474e-01 4.192260e-01 3.856938e-01 4.730778e-01 3.770095e-01 3.258939e-01 3.069625e-01 3.354038e-01
<GCONST> 1.173767e+02
<TRANSP> 5
 0.000000e+00 1.000000e+00 0.000000e+00 0.000000e+00 0.000000e+00
 0.000000e+00 7.370578e-01 2.629422e-01 0.000000e+00 0.000000e+00
 0.000000e+00 0.000000e+00 7.370569e-01 2.629432e-01 0.000000e+00
 0.000000e+00 0.000000e+00 0.000000e+00 8.601049e-01 1.398950e-01
 0.000000e+00 0.000000e+00 0.000000e+00 0.000000e+00 0.000000e+00
<ENDHMM>
~h "u"
<BEGINHMM>
<NUMSTATES> 5
<STATE> 2
<MEAN> 39
 -1.090336e+01 2.960719e+00 5.321664e-01 -3.109533e+00 -5.141020e-03 -7.919024e+00 -7.871591e+00 -2.810844e+00 -1.057276e+01 -6.220301e+00 -3.498127e+00 -5.950137e+00 7.542801e+01 -6.908049e-02 -4.191138e-02 -9.274537e-03 5.713499e-02 6.820111e-03 7.690590e-02 -2.567267e-04 5.171038e-03 9.001257e-02 4.358243e-02 2.515544e-02 4.596607e-02 -1.039416e-01 -1.169700e-03 -6.769060e-04 -2.794148e-03 -1.696904e-03 -2.257462e-03 2.952676e-03 9.263013e-04 -1.839127e-04 1.200406e-03 1.613315e-03 1.124400e-03 5.264243e-04 -2.575951e-03
<VARIANCE> 39
 3.425582e+01 3.606471e+01 4.305092e+01 4.113014e+01 5.503744e+01 6.137944e+01 5.657562e+01 4.314214e+01 4.997026e+01 4.488797e+01 3.147279e+01 3.241537e+01 1.242559e+02 1.921553e+00 1.990746e+00 1.992656e+00 2.123560e+00 2.429207e+00 3.060621e+00 2.591229e+00 2.501544e+00 3.043639e+00 2.552669e+00 1.932846e+00 1.939342e+00 2.329682e+00 3.499921e-01 3.609614e-01 3.444956e-01 3.699614e-01 4.155483e-01 5.111947e-01 4.689963e-01 4.446901e-01 5.505881e-01 4.926569e-01 3.482765e-01 3.342242e-01 3.418346e-01
<GCONST> 1.207687e+02
<STATE> 3
<MEAN> 39
 -1.117039e+01 2.794922e+00 4.943829e-01 -2.905584e+00 1.303554e-02 -7.620252e+00 -7.874318e+00 -2.795055e+00 -1.024302e+01 -6.058115e+00 -3.402987e+00 -5.774483e+00 7.503521e+01 -7.224733e-02 -4.176601e-02 -1.953613e-02 4.813207e-02 -3.993101e-03 8.695300e-02 5.208701e-03 5.684102e-03 9.293678e-02 4.785284e-02 2.708727e-02 4.678046e-02 -1.146130e-01 -4.929143e-04 1.066498e-03 -2.791421e-03 -3.276576e-03 -4.045662e-03 2.919412e-03 2.061121e-03 2.946723e-04 -1.528753e-04 4.606897e-04 -3.241045e-04 -1.599172e-04 -4.163964e-03
<VARIANCE> 39
 3.364286e+01 3.561377e+01 4.402578e+01 4.098281e+01 5.443753e+01 6.139299e+01 5.647609e+01 4.195533e+01 4.880351e+01 4.326430e+01 3.085126e+01 3.170630e+01 1.249287e+02 1.796317e+00 1.926978e+00 1.939631e+00 1.992505e+00 2.335217e+00 2.919632e+00 2.512212e+00 2.411197e+00 2.889664e+00 2.424376e+00 1.854946e+00 1.852392e+00 2.163918e+00 3.253191e-01 3.476612e-01 3.324315e-01 3.461140e-01 3.978145e-01 4.809227e-01 4.508443e-01 4.276991e-01 5.191523e-01 4.682127e-01 3.327432e-01 3.199209e-01 3.131788e-01
<GCONST> 1.193274e+02
<STATE> 4
<MEAN> 39
 -1.151292e+01 2.663842e+00 3.782876e-01 -2.803902e+00 -1.939890e-01 -7.149719e+00 -7.779148e+00 -2.696645e+00 -9.817116e+00 -5.835604e+00 -3.360679e+00 -5.628225e+00 7.434599e+01 -7.142545e-02 -3.401026e-02 -2.786023e-02 2.931631e-02 -2.340887e-02 9.189954e-02 1.481875e-02 8.176521e-03 8.445408e-02 4.469084e-02 2.102495e-02 4.363118e-02 -1.259962e-01 -1.352554e-05 2.633281e-03 -2.431490e-03 -4.055184e-03 -5.329059e-03 2.165995e-03 2.528293e-03 5.944734e-04 -1.519775e-03 -4.856524e-04 -1.523144e-03 -8.648078e-04 -5.076563e-03
<VARIANCE> 39
 3.381310e+01 3.501694e+01 4.496894e+01 4.053376e+01 5.393642e+01 6.060740e+01 5.536546e+01 4.095770e+01 4.701008e+01 4.217048e+01 2.972430e+01 3.073601e+01 1.257997e+02 1.607131e+00 1.841722e+00 1.840389e+00 1.831636e+00 2.205486e+00 2.664528e+00 2.384102e+00 2.254504e+00 2.677513e+00 2.234462e+00 1.730174e+00 1.733334e+00 1.945886e+00 2.876123e-01 3.291702e-01 3.130569e-01 3.166249e-01 3.733130e-01 4.322846e-01 4.235917e-01 4.001566e-01 4.756543e-01 4.295824e-01 3.103924e-01 3.004007e-01 2.755597e-01
<GCONST> 1.171137e+02
<TRANSP> 5
 0.000000e+00 1.000000e+00 0.000000e+00 0.000000e+00 0.000000e+00
 0.000000e+00 7.371052e-01 2.628948e-01 0.000000e+00 0.000000e+00
 0.000000e+00 0.000000e+00 7.371057e-01 2.628943e-01 0.000000e+00
 0.000000e+00 0.000000e+00 0.000000e+00 8.605698e-01 1.394302e-01
 0.000000e+00 0.000000e+00 0.000000e+00 0.000000e+00 0.000000e+00
<ENDHMM>
~h "y"
<BEGINHMM>
<NUMSTATES> 5
<STATE> 2
<MEAN> 39
 -1.264587e+01 -3.819566e-01 -2.781732e+00 -4.166951e+00 -2.881305e+00 -9.109872e+00 -6.485104e+00 -4.122098e+00 -1.025610e+01 -2.747315e+00 -1.439192e+00 -5.229132e+00 7.626906e+01 2.905666e-01 -1.239836e-01 -4.638932e-02 1.147780e-01 9.445827e-02 -3.794323e-01 -1.276062e-01 -8.707934e-02 -1.277219e-01 1.276568e-01 1.145061e-01 -3.971894e-02 5.897371e-01 1.438742e-03 -6.592248e-05 -2.213669e-03 6.605930e-03 7.211583e-03 -1.967413e-03 -7.602949e-03 2.988119e-05 2.177312e-03 1.934134e-03 8.292202e-04 -3.445879e-05 -1.609570e-03
<VARIANCE> 39
 5.327546e+01 2.720024e+01 2.788905e+01 4.241800e+01 4.224496e+01 8.389780e+01 4.708331e+01 3.924341e+01 5.359783e+01 4.610878e+01 2.704184e+01 2.492738e+01 1.350196e+02 1.862087e+00 1.634582e+00 2.085765e+00 2.213460e+00 2.208629e+00 2.505460e+00 2.233302e+00 2.097434e+00 2.413428e+00 2.109562e+00 1.607739e+00 1.712121e+00 2.068429e+00 3.034161e-01 3.199058e-01 3.389852e-01 3.399841e-01 3.315891e-01 3.960978e-01 3.809272e-01 3.662450e-01 4.205739e-01 4.005152e-01 2.917927e-01 3.221243e-01 2.575613e-01
<GCONST> 1.162277e+02
<STATE> 3
<MEAN> 39
 -1.153464e+01 -8.702306e-01 -2.949797e+00 -3.658843e+00 -2.437715e+00 -1.057350e+01 -7.043839e+00 -4.445307e+00 -1.070878e+01 -2.210747e+00 -1.001019e+00 -5.389024e+00 7.852075e+01 2.809833e-01 -1.198231e-01 -4.999313e-02 1.327780e-01 1.194944e-01 -3.705772e-01 -1.545494e-01 -8.200669e-02 -1.134357e-01 1.280365e-01 1.128444e-01 -3.812835e-02 5.578856e-01 -4.734091e-03 2.073407e-03 1.508930e-04 2.594815e-03 5.593102e-03 5.766558e-03 -5.660644e-03 2.107171e-03 4.475806e-03 -1.239810e-03 -1.441594e-03 7.028983e-04 -1.299965e-02
<VARIANCE> 39
 5.241592e+01 2.788440e+01 3.005444e+01 4.722559e+01 4.702583e+01 8.918250e+01 5.299606e+01 4.305998e+01 5.898121e+01 5.260871e+01 2.920481e+01 2.791147e+01 1.319689e+02 1.848547e+00 1.633304e+00 2.182985e+00 2.350355e+00 2.360607e+00 2.689541e+00 2.279843e+00 2.198164e+00 2.498873e+00 2.212671e+00 1.706506e+00 1.875708e+00 2.102642e+00 2.985064e-01 3.135197e-01 3.420832e-01 3.421905e-01 3.375008e-01 4.105552e-01 3.755571e-01 3.779176e-01 4.235727e-01 4.124946e-01 3.007551e-01 3.482544e-01 2.510722e-01
<GCONST> 1.179139e+02
<STATE> 4
<MEAN> 39
 -1.014672e+01 -1.494624e+00 -3.040000e+00 -2.859766e+00 -1.533123e+00 -1.247397e+01 -7.958193e+00 -4.810029e+00 -1.118004e+01 -1.211924e+00 -4.809457e-01 -5.747678e+00 8.154372e+01 2.179951e-01 -9.223607e-02 -3.094494e-02 1.273644e-01 1.415100e-01 -2.936941e-01 -1.741463e-01 -5.481061e-02 -7.044961e-02 1.061059e-01 8.978426e-02 -3.362369e-02 4.256003e-01 -1.196520e-02 6.266521e-03 3.684610e-03 -4.017094e-03 1.525278e-03 1.645936e-02 -6.717757e-04 4.889091e-03 6.712628e-03 -6.351934e-03 -4.724821e-03 1.277803e-03 -2.676950e-02
<VARIANCE> 39
 4.555571e+01 2.859288e+01 3.290911e+01 5.283112e+01 5.189172e+01 9.023689e+01 5.895794e+01 4.714932e+01 6.273352e+01 6.310828e+01 3.182850e+01 3.298131e+01 1.141559e+02 1.723597e+00 1.590247e+00 2.287618e+00 2.521146e+00 2.560377e+00 2.969504e+00 2.302701e+00 2.289448e+00 2.602213e+00 2.309674e+00 1.860936e+00 2.132156e+00 2.057767e+00 2.748359e-01 2.919045e-01 3.428926e-01 3.395112e-01 3.492371e-01 4.292147e-01 3.657897e-01 3.919992e-01 4.275175e-01 4.168669e-01 3.174327e-01 3.913096e-01 2.270320e-01
<GCONST> 1.192076e+02
<TRANSP> 5
 0.000000e+00 1.000000e+00 0.000000e+00 0.000000e+00 0.000000e+00
 0.000000e+00 7.430420e-01 2.569580e-01 0.000000e+00 0.000000e+00
 0.000000e+00 0.000000e+00 7.430422e-01 2.569578e-01 0.000000e+00
 0.000000e+00 0.000000e+00 0.000000e+00 8.656855e-01 1.343146e-01
 0.000000e+00 0.000000e+00 0.000000e+00 0.000000e+00 0.000000e+00
<ENDHMM>
~h "ay"
<BEGINHMM>
<NUMSTATES> 5
<STATE> 2
<MEAN> 39
 -1.950315e+01 -1.443811e+00 1.804423e+00 -7.336242e+00 -2.913687e+00 -5.697138e+00 -7.707721e+00 -3.514973e+00 -8.628271e+00 -2.904785e+00 -2.167443e+00 -4.056684e+00 7.436657e+01 7.655136e-02 -1.433824e-01 6.407709e-02 -1.833461e-01 -2.428029e-02 -2.195210e-01 -5.170505e-02 -6.125563e-02 -8.876754e-02 4.920710e-02 8.467098e-02 1.047252e-02 5.230418e-01 2.419403e-02 5.596172e-03 -2.029324e-02 8.122628e-03 7.404416e-04 -7.908856e-03 -7.400846e-03 -1.250134e-03 -4.896958e-03 -3.361781e-03 3.712440e-03 1.457147e-04 2.114455e-03
<VARIANCE> 39
 8.758945e+01 3.128199e+01 6.238418e+01 3.781196e+01 2.936572e+01 4.861452e+01 3.448462e+01 3.101753e+01 4.036540e+01 2.706573e+01 2.121480e+01 1.652298e+01 1.853152e+02 4.449498e+00 2.334154e+00 3.501084e+00 2.310147e+00 2.386578e+00 2.615330e+00 2.395936e+00 2.473278e+00 2.737379e+00 2.043468e+00 1.752366e+00 1.443915e+00 2.006910e+00 5.465431e-01 4.514940e-01 5.197757e-01 4.003146e-01 4.313792e-01 4.967574e-01 4.793105e-01 4.933524e-01 5.352314e-01 3.821575e-01 3.288313e-01 2.823618e-01 2.852871e-01
<GCONST> 1.198938e+02
<STATE> 3
<MEAN> 39
 -1.899483e+01 -1.891146e+00 1.828484e+00 -7.898622e+00 -2.978161e+00 -6.540374e+00 -7.968696e+00 -3.749752e+00 -8.991708e+00 -2.758027e+00 -1.827398e+00 -4.017777e+00 7.622174e+01 1.685144e-01 -1.137682e-01 -1.987012e-02 -1.406800e-01 -1.846687e-02 -2.379700e-01 -7.896234e-02 -6.468400e-02 -1.047783e-01 3.625586e-02 9.782083e-02 9.502901e-03 5.030808e-01 2.575282e-02 9.292345e-03 -2.422926e-02 1.307483e-02 1.959482e-03 -4.049677e-03 -7.590239e-03 -8.230350e-04 -4.194362e-03 -3.425612e-03 3.517414e-03 -5.257055e-04 -8.775654e-03
<VARIANCE> 39
 1.019075e+02 3.090740e+01 6.769012e+01 3.711022e+01 3.230928e+01 5.455361e+01 3.858952e+01 3.343511e+01 4.639952e+01 2.900913e+01 2.329843e+01 1.771542e+01 1.846571e+02 4.924013e+00 2.495184e+00 3.739457e+00 2.426287e+00 2.645235e+00 2.888874e+00 2.587693e+00 2.671003e+00 3.068523e+00 2.208885e+00 1.905128e+00 1.560650e+00 2.215453e+00 5.977286e-01 4.873987e-01 5.498191e-01 4.176067e-01 4.695318e-01 5.463358e-01 5.170150e-01 5.308251e-01 5.976793e-01 4.121424e-01 3.540433e-01 3.035406e-01 3.112331e-01
<GCONST> 1.229668e+02
<STATE> 4
<MEAN> 39
 -1.750094e+01 -2.242470e+00 1.144276e+00 -8.339090e+00 -2.950662e+00 -7.871477e+00 -8.594702e+00 -4.164832e+00 -9.682912e+00 -2.613044e+00 -1.221709e+00 -3.963611e+00 7.861488e+01 2.759933e-01 -5.041045e-02 -1.376376e-01 -5.427400e-02 1.330330e-03 -2.226068e-01 -1.106526e-01 -6.560541e-02 -1.161099e-01 1.920487e-02 1.112345e-01 5.703299e-03 3.897051e-01 1.725394e-02 1.125658e-02 -1.958244e-02 1.499674e-02 3.409069e-03 3.530513e-03 -5.044849e-03 1.219878e-04 -1.654672e-03 -2.671794e-03 2.019221e-03 -9.556454e-04 -2.167293e-02
<VARIANCE> 39
 1.165562e+02 2.908919e+01 7.218879e+01 3.534791e+01 3.612445e+01 6.052041e+01 4.383684e+01 3.621737e+01 5.497028e+01 3.197831e+01 2.620450e+01 1.944456e+01 1.795293e+02 5.274141e+00 2.599871e+00 3.841955e+00 2.522698e+00 2.985681e+00 3.261010e+00 2.802977e+00 2.858241e+00 3.529827e+00 2.406154e+00 2.088139e+00 1.712505e+00 2.566464e+00 6.510365e-01 5.161457e-01 5.718325e-01 4.374317e-01 5.211383e-01 6.137941e-01 5.602342e-01 5.643088e-01 6.847012e-01 4.497136e-01 3.853646e-01 3.316114e-01 3.551930e-01
<GCONST> 1.261704e+02
<TRANSP> 5
 0.000000e+00 1.000000e+00 0.000000e+00 0.000000e+00 0.000000e+00
 0.000000e+00 7.257144e-01 2.742856e-01 0.000000e+00 0.000000e+00
 0.000000e+00 0.000000e+00 7.257146e-01 2.742853e-01 0.000000e+00
 0.000000e+00 0.000000e+00 0.000000e+00 8.461220e-01 1.538781e-01
 0.000000e+00 0.000000e+00 0.000000e+00 0.000000e+00 0.000000e+00
<ENDHMM>
~h "ny"
<BEGINHMM>
<NUMSTATES> 5
<STATE> 2
<MEAN> 39
 -1.278092e+01 3.100275e+00 -3.315450e+00 -1.723150e+00 -3.007061e-01 -3.501504e+00 -6.254561e+00 -3.399396e+00 -8.502717e+00 -3.433669e+00 -9.718345e-01 -3.744424e+00 6.907292e+01 -1.833842e-01 1.135495e-01 -2.499390e-02 -7.969199e-02 -1.820891e-01 2.233433e-01 2.245814e-02 2.211182e-02 3.897426e-02 -4.376346e-02 -7.520982e-02 -3.408261e-02 -4.804719e-01 -4.324269e-03 -4.985014e-04 1.142764e-02 6.373944e-04 2.352034e-03 -2.036304e-02 -1.012015e-02 -1.030059e-03 -1.665969e-03 -3.762783e-03 -7.979243e-03 -4.604275e-03 1.102504e-02
<VARIANCE> 39
 1.611090e+01 2.627520e+01 1.934302e+01 2.367863e+01 3.124666e+01 5.080097e+01 3.588558e+01 2.020153e+01 3.936700e+01 1.842917e+01 2.747280e+01 2.333034e+01 9.260835e+01 4.319103e-01 1.100152e+00 1.063181e+00 1.053304e+00 1.174655e+00 1.913244e+00 1.580731e+00 1.453549e+00 1.521935e+00 1.164074e+00 1.448277e+00 1.173768e+00 6.054558e-01 7.009610e-02 1.737005e-01 1.739600e-01 1.981203e-01 2.100721e-01 2.698324e-01 2.746243e-01 2.674959e-01 2.557179e-01 2.229721e-01 2.490573e-01 2.112509e-01 5.610191e-02
<GCONST> 9.505073e+01
<STATE> 3
<MEAN> 39
 -1.342428e+01 3.494099e+00 -3.362932e+00 -1.989387e+00 -9.252225e-01 -2.817932e+00 -6.214813e+00 -3.323578e+00 -8.370484e+00 -3.607854e+00 -1.266261e+00 -3.880193e+00 6.747585e+01 -1.934442e-01 1.063052e-01 1.044393e-02 -7.534494e-02 -1.706735e-01 1.505674e-01 -1.116318e-02 1.959192e-02 3.643169e-02 -5.299992e-02 -9.814321e-02 -4.643650e-02 -4.321116e-01 -8.803809e-04 -4.567157e-03 7.808115e-03 1.817932e-03 4.382567e-03 -2.115756e-02 -8.477233e-03 -9.118208e-04 -1.785303e-04 -1.466183e-03 -4.162908e-03 -1.959311e-03 1.898288e-02
<VARIANCE> 39
 1.481601e+01 2.369224e+01 1.617817e+01 2.137976e+01 2.787187e+01 3.863717e+01 3.142309e+01 1.729914e+01 3.289999e+01 1.740185e+01 2.515934e+01 2.109484e+01 8.194044e+01 3.363652e-01 9.246840e-01 8.769374e-01 9.021774e-01 1.043866e+00 1.525155e+00 1.409660e+00 1.273973e+00 1.334686e+00 1.062403e+00 1.291630e+00 1.067361e+00 4.956920e-01 5.481791e-02 1.470429e-01 1.488244e-01 1.717566e-01 1.890910e-01 2.206020e-01 2.498829e-01 2.410694e-01 2.266155e-01 2.069159e-01 2.319880e-01 1.969534e-01 4.594309e-02
<GCONST> 8.961146e+01
<STATE> 4
<MEAN> 39
 -1.422125e+01 3.949197e+00 -3.310847e+00 -2.329474e+00 -1.639859e+00 -2.305555e+00 -6.268532e+00 -3.269581e+00 -8.271939e+00 -3.861758e+00 -1.712069e+00 -4.115283e+00 6.582222e+01 -1.876953e-01 8.347999e-02 3.348739e-02 -6.633834e-02 -1.506762e-01 6.927414e-02 -3.914302e-02 1.817948e-02 3.845185e-02 -5.634874e-02 -1.080204e-01 -4.852400e-02 -3.452540e-01 3.002775e-03 -7.520180e-03 3.634184e-03 1.671106e-03 5.644922e-03 -1.725995e-02 -5.045050e-03 -1.079824e-03 -5.037178e-04 -2.391217e-04 4.076625e-04 9.239502e-04 2.332246e-02
<VARIANCE> 39
 1.286071e+01 2.035281e+01 1.323927e+01 1.881911e+01 2.341177e+01 2.714459e+01 2.641353e+01 1.466969e+01 2.546661e+01 1.652357e+01 2.270341e+01 1.845264e+01 6.820950e+01 2.598099e-01 7.549054e-01 7.028080e-01 7.566637e-01 9.150909e-01 1.173177e+00 1.205159e+00 1.117255e+00 1.154359e+00 9.812347e-01 1.139724e+00 9.486878e-01 4.004982e-01 4.306658e-02 1.232913e-01 1.253723e-01 1.466280e-01 1.693547e-01 1.803824e-01 2.202653e-01 2.192857e-01 2.024086e-01 1.957766e-01 2.150711e-01 1.805290e-01 3.981544e-02
<GCONST> 8.342119e+01
<TRANSP> 5
 0.000000e+00 1.000000e+00 0.000000e+00 0.000000e+00 0.000000e+00
 0.000000e+00 7.104750e-01 2.895250e-01 0.000000e+00 0.000000e+00
 0.000000e+00 0.000000e+00 7.104747e-01 2.895254e-01 0.000000e+00
 0.000000e+00 0.000000e+00 0.000000e+00 8.271282e-01 1.728717e-01
 0.000000e+00 0.000000e+00 0.000000e+00 0.000000e+00 0.000000e+00
<ENDHMM>
~h "sil"
<BEGINHMM>
<NUMSTATES> 5
<STATE> 2
<MEAN> 39
 -1.722175e+01 2.505095e+00 -2.202713e+00 -4.010277e+00 -2.966247e+00 -2.873224e+00 -7.741806e+00 -2.339497e+00 -7.045836e+00 -5.473890e+00 -2.841928e+00 -3.544133e+00 6.520444e+01 -7.545229e-03 2.174216e-02 -7.102265e-03 1.080252e-01 1.185772e-03 4.741349e-02 3.528064e-02 -1.507508e-03 -1.104316e-02 3.335058e-02 -2.810303e-02 -3.064275e-02 -9.438735e-02 -2.436243e-03 -6.951036e-03 -4.541238e-03 -7.798454e-03 -4.519195e-03 9.994843e-03 3.302190e-03 2.647549e-03 5.466302e-03 1.330162e-02 6.096399e-03 -7.698000e-04 1.861719e-04
<VARIANCE> 39
 8.189851e+00 1.379344e+01 1.302691e+01 2.128544e+01 1.458041e+01 1.256764e+01 1.600665e+01 1.324769e+01 1.445705e+01 1.885522e+01 1.173894e+01 1.105267e+01 1.033704e+02 3.200077e-01 4.450943e-01 5.856916e-01 7.905464e-01 7.936727e-01 8.205466e-01 1.052601e+00 1.030401e+00 1.078769e+00 1.048426e+00 8.638932e-01 8.249582e-01 3.102556e-01 5.035004e-02 7.181167e-02 9.860312e-02 1.264571e-01 1.368359e-01 1.461125e-01 1.831496e-01 1.742072e-01 1.878406e-01 1.761106e-01 1.518976e-01 1.429728e-01 4.272220e-02
<GCONST> 7.550055e+01
<STATE> 3
<MEAN> 39
 -1.728999e+01 2.501970e+00 -2.223002e+00 -3.707294e+00 -2.973614e+00 -2.689337e+00 -7.641139e+00 -2.343627e+00 -7.082310e+00 -5.301923e+00 -2.918427e+00 -3.650207e+00 6.491909e+01 -2.005124e-02 -9.031355e-03 3.814235e-03 5.240630e-02 -3.840051e-03 4.513202e-02 1.816221e-02 -6.984428e-03 3.417117e-03 3.458476e-02 -8.618005e-03 -2.548604e-02 -5.453357e-02 -2.661895e-03 -5.781367e-03 4.399494e-03 -1.512965e-02 -2.192142e-04 -2.426428e-03 -5.998631e-03 -3.721870e-03 1.324983e-03 -5.539625e-05 5.553562e-03 2.116302e-03 1.053840e-02
<VARIANCE> 39
 7.615435e+00 1.285320e+01 1.312638e+01 1.988899e+01 1.378121e+01 1.156007e+01 1.395015e+01 1.217964e+01 1.371279e+01 1.695885e+01 1.126219e+01 1.081081e+01 1.042311e+02 3.352990e-01 4.124968e-01 5.820355e-01 8.100244e-01 7.492355e-01 7.869533e-01 9.620966e-01 9.668784e-01 1.104889e+00 1.044851e+00 8.774387e-01 8.114393e-01 2.880982e-01 6.500813e-02 8.134857e-02 1.127130e-01 1.524443e-01 1.532650e-01 1.599837e-01 1.939687e-01 1.919979e-01 2.195230e-01 1.996138e-01 1.760463e-01 1.631222e-01 5.298803e-02
<GCONST> 7.623795e+01
<STATE> 4
<MEAN> 39
 -1.746708e+01 2.415690e+00 -2.158859e+00 -3.649541e+00 -3.000743e+00 -2.602807e+00 -7.573795e+00 -2.397508e+00 -7.074497e+00 -5.143052e+00 -2.933189e+00 -3.752733e+00 6.484712e+01 -3.337561e-02 -1.571325e-02 3.394764e-02 -2.905335e-03 9.793641e-03 1.716770e-02 -1.225136e-03 -2.279895e-02 1.672353e-02 1.383135e-02 1.164307e-02 -1.465212e-02 2.893207e-03 3.810161e-04 3.101356e-03 2.930095e-03 -4.636005e-03 2.935890e-03 -2.889411e-03 -2.307557e-03 -5.102986e-03 -2.793759e-03 1.486881e-03 3.315896e-03 1.790449e-03 5.700395e-03
<VARIANCE> 39
 8.466890e+00 1.323650e+01 1.420504e+01 2.000789e+01 1.385300e+01 1.165960e+01 1.370591e+01 1.205161e+01 1.434366e+01 1.660218e+01 1.147434e+01 1.076945e+01 1.054306e+02 4.127723e-01 4.506873e-01 6.354057e-01 8.939524e-01 7.823871e-01 8.320636e-01 9.676186e-01 9.461429e-01 1.187858e+00 1.080317e+00 9.279606e-01 8.215064e-01 3.427314e-01 7.881197e-02 8.865058e-02 1.198256e-01 1.648352e-01 1.525027e-01 1.640636e-01 1.873306e-01 1.822247e-01 2.248207e-01 1.934459e-01 1.739609e-01 1.584219e-01 6.222006e-02
<GCONST> 7.787025e+01
<TRANSP> 5
 0.000000e+00 1.000000e+00 0.000000e+00 0.000000e+00 0.000000e+00
 0.000000e+00 7.283853e-01 2.716147e-01 0.000000e+00 0.000000e+00
 0.000000e+00 0.000000e+00 7.283871e-01 2.716129e-01 0.000000e+00
 0.000000e+00 0.000000e+00 0.000000e+00 8.492206e-01 1.507794e-01
 0.000000e+00 0.000000e+00 0.000000e+00 0.000000e+00 0.000000e+00
<ENDHMM>
