~h "b"
<BEGINHMM>
<NUMSTATES> 5
<STATE> 2
<MEAN> 39
 -1.341867e+01 1.333373e+00 -1.226422e+00 -4.700942e+00 -1.862945e+00 -6.698333e+00 -7.854787e+00 -3.009752e+00 -9.450498e+00 -4.242656e+00 -2.024498e+00 -4.632024e+00 7.400199e+01 2.526000e-03 2.826530e-03 7.442953e-04 5.437038e-03 -2.207614e-03 2.258851e-03 2.691161e-04 -3.088929e-03 7.745285e-04 5.746543e-03 1.482202e-03 -1.028425e-03 -5.414352e-03 -5.392364e-04 -1.374308e-04 3.455956e-04 -1.198713e-03 1.186948e-04 2.986346e-04 -3.721186e-04 -1.532937e-04 4.511720e-04 -1.356196e-04 5.955482e-04 2.503759e-04 4.341028e-04
<VARIANCE> 39
 5.670036e+01 3.010590e+01 4.259943e+01 3.932115e+01 4.141257e+01 5.669725e+01 4.408941e+01 3.498913e+01 4.507037e+01 3.535806e+01 2.667121e+01 2.293597e+01 1.664741e+02 2.246976e+00 1.600909e+00 2.055861e+00 1.940810e+00 2.065593e+00 2.573136e+00 2.112528e+00 2.021224e+00 2.544116e+00 1.897349e+00 1.694854e+00 1.547968e+00 2.043503e+00 3.422596e-01 2.876619e-01 3.352505e-01 3.350492e-01 3.566527e-01 4.526472e-01 3.920183e-01 3.774573e-01 4.724333e-01 3.576777e-01 3.133848e-01 2.862132e-01 2.841266e-01
<GCONST> 1.159038e+02
<STATE> 3
<MEAN> 39
 -1.341867e+01 1.333373e+00 -1.226422e+00 -4.700942e+00 -1.862945e+00 -6.698333e+00 -7.854787e+00 -3.009752e+00 -9.450498e+00 -4.242656e+00 -2.024498e+00 -4.632024e+00 7.400199e+01 2.526000e-03 2.826530e-03 7.442953e-04 5.437038e-03 -2.207614e-03 2.258851e-03 2.691161e-04 -3.088929e-03 7.745285e-04 5.746543e-03 1.482202e-03 -1.028425e-03 -5.414352e-03 -5.392364e-04 -1.374308e-04 3.455956e-04 -1.198713e-03 1.186948e-04 2.986346e-04 -3.721186e-04 -1.532937e-04 4.511720e-04 -1.356196e-04 5.955482e-04 2.503759e-04 4.341028e-04
<VARIANCE> 39
 5.670036e+01 3.010590e+01 4.259943e+01 3.932115e+01 4.141257e+01 5.669725e+01 4.408941e+01 3.498913e+01 4.507037e+01 3.535806e+01 2.667121e+01 2.293597e+01 1.664741e+02 2.246976e+00 1.600909e+00 2.055861e+00 1.940810e+00 2.065593e+00 2.573136e+00 2.112528e+00 2.021224e+00 2.544116e+00 1.897349e+00 1.694854e+00 1.547968e+00 2.043503e+00 3.422596e-01 2.876619e-01 3.352505e-01 3.350492e-01 3.566527e-01 4.526472e-01 3.920183e-01 3.774573e-01 4.724333e-01 3.576777e-01 3.133848e-01 2.862132e-01 2.841266e-01
<GCONST> 1.159038e+02
<STATE> 4
<MEAN> 39
 -1.341867e+01 1.333373e+00 -1.226422e+00 -4.700942e+00 -1.862945e+00 -6.698333e+00 -7.854787e+00 -3.009752e+00 -9.450498e+00 -4.242656e+00 -2.024498e+00 -4.632024e+00 7.400199e+01 2.526000e-03 2.826530e-03 7.442953e-04 5.437038e-03 -2.207614e-03 2.258851e-03 2.691161e-04 -3.088929e-03 7.745285e-04 5.746543e-03 1.482202e-03 -1.028425e-03 -5.414352e-03 -5.392364e-04 -1.374308e-04 3.455956e-04 -1.198713e-03 1.186948e-04 2.986346e-04 -3.721186e-04 -1.532937e-04 4.511720e-04 -1.356196e-04 5.955482e-04 2.503759e-04 4.341028e-04
<VARIANCE> 39
 5.670036e+01 3.010590e+01 4.259943e+01 3.932115e+01 4.141257e+01 5.669725e+01 4.408941e+01 3.498913e+01 4.507037e+01 3.535806e+01 2.667121e+01 2.293597e+01 1.664741e+02 2.246976e+00 1.600909e+00 2.055861e+00 1.940810e+00 2.065593e+00 2.573136e+00 2.112528e+00 2.021224e+00 2.544116e+00 1.897349e+00 1.694854e+00 1.547968e+00 2.043503e+00 3.422596e-01 2.876619e-01 3.352505e-01 3.350492e-01 3.566527e-01 4.526472e-01 3.920183e-01 3.774573e-01 4.724333e-01 3.576777e-01 3.133848e-01 2.862132e-01 2.841266e-01
<GCONST> 1.159038e+02
<TRANSP> 5
 0.000000e+00 1.000000e+00 0.000000e+00 0.000000e+00 0.000000e+00
 0.000000e+00 6.000000e-01 4.000000e-01 0.000000e+00 0.000000e+00
 0.000000e+00 0.000000e+00 6.000000e-01 4.000000e-01 0.000000e+00
 0.000000e+00 0.000000e+00 0.000000e+00 7.000000e-01 3.000000e-01
 0.000000e+00 0.000000e+00 0.000000e+00 0.000000e+00 0.000000e+00
<ENDHMM>
~h "e"
<BEGINHMM>
<NUMSTATES> 5
<STATE> 2
<MEAN> 39
 -1.341867e+01 1.333373e+00 -1.226422e+00 -4.700942e+00 -1.862945e+00 -6.698333e+00 -7.854787e+00 -3.009752e+00 -9.450498e+00 -4.242656e+00 -2.024498e+00 -4.632024e+00 7.400199e+01 2.526000e-03 2.826530e-03 7.442953e-04 5.437038e-03 -2.207614e-03 2.258851e-03 2.691161e-04 -3.088929e-03 7.745285e-04 5.746543e-03 1.482202e-03 -1.028425e-03 -5.414352e-03 -5.392364e-04 -1.374308e-04 3.455956e-04 -1.198713e-03 1.186948e-04 2.986346e-04 -3.721186e-04 -1.532937e-04 4.511720e-04 -1.356196e-04 5.955482e-04 2.503759e-04 4.341028e-04
<VARIANCE> 39
 5.670036e+01 3.010590e+01 4.259943e+01 3.932115e+01 4.141257e+01 5.669725e+01 4.408941e+01 3.498913e+01 4.507037e+01 3.535806e+01 2.667121e+01 2.293597e+01 1.664741e+02 2.246976e+00 1.600909e+00 2.055861e+00 1.940810e+00 2.065593e+00 2.573136e+00 2.112528e+00 2.021224e+00 2.544116e+00 1.897349e+00 1.694854e+00 1.547968e+00 2.043503e+00 3.422596e-01 2.876619e-01 3.352505e-01 3.350492e-01 3.566527e-01 4.526472e-01 3.920183e-01 3.774573e-01 4.724333e-01 3.576777e-01 3.133848e-01 2.862132e-01 2.841266e-01
<GCONST> 1.159038e+02
<STATE> 3
<MEAN> 39
 -1.341867e+01 1.333373e+00 -1.226422e+00 -4.700942e+00 -1.862945e+00 -6.698333e+00 -7.854787e+00 -3.009752e+00 -9.450498e+00 -4.242656e+00 -2.024498e+00 -4.632024e+00 7.400199e+01 2.526000e-03 2.826530e-03 7.442953e-04 5.437038e-03 -2.207614e-03 2.258851e-03 2.691161e-04 -3.088929e-03 7.745285e-04 5.746543e-03 1.482202e-03 -1.028425e-03 -5.414352e-03 -5.392364e-04 -1.374308e-04 3.455956e-04 -1.198713e-03 1.186948e-04 2.986346e-04 -3.721186e-04 -1.532937e-04 4.511720e-04 -1.356196e-04 5.955482e-04 2.503759e-04 4.341028e-04
<VARIANCE> 39
 5.670036e+01 3.010590e+01 4.259943e+01 3.932115e+01 4.141257e+01 5.669725e+01 4.408941e+01 3.498913e+01 4.507037e+01 3.535806e+01 2.667121e+01 2.293597e+01 1.664741e+02 2.246976e+00 1.600909e+00 2.055861e+00 1.940810e+00 2.065593e+00 2.573136e+00 2.112528e+00 2.021224e+00 2.544116e+00 1.897349e+00 1.694854e+00 1.547968e+00 2.043503e+00 3.422596e-01 2.876619e-01 3.352505e-01 3.350492e-01 3.566527e-01 4.526472e-01 3.920183e-01 3.774573e-01 4.724333e-01 3.576777e-01 3.133848e-01 2.862132e-01 2.841266e-01
<GCONST> 1.159038e+02
<STATE> 4
<MEAN> 39
 -1.341867e+01 1.333373e+00 -1.226422e+00 -4.700942e+00 -1.862945e+00 -6.698333e+00 -7.854787e+00 -3.009752e+00 -9.450498e+00 -4.242656e+00 -2.024498e+00 -4.632024e+00 7.400199e+01 2.526000e-03 2.826530e-03 7.442953e-04 5.437038e-03 -2.207614e-03 2.258851e-03 2.691161e-04 -3.088929e-03 7.745285e-04 5.746543e-03 1.482202e-03 -1.028425e-03 -5.414352e-03 -5.392364e-04 -1.374308e-04 3.455956e-04 -1.198713e-03 1.186948e-04 2.986346e-04 -3.721186e-04 -1.532937e-04 4.511720e-04 -1.356196e-04 5.955482e-04 2.503759e-04 4.341028e-04
<VARIANCE> 39
 5.670036e+01 3.010590e+01 4.259943e+01 3.932115e+01 4.141257e+01 5.669725e+01 4.408941e+01 3.498913e+01 4.507037e+01 3.535806e+01 2.667121e+01 2.293597e+01 1.664741e+02 2.246976e+00 1.600909e+00 2.055861e+00 1.940810e+00 2.065593e+00 2.573136e+00 2.112528e+00 2.021224e+00 2.544116e+00 1.897349e+00 1.694854e+00 1.547968e+00 2.043503e+00 3.422596e-01 2.876619e-01 3.352505e-01 3.350492e-01 3.566527e-01 4.526472e-01 3.920183e-01 3.774573e-01 4.724333e-01 3.576777e-01 3.133848e-01 2.862132e-01 2.841266e-01
<GCONST> 1.159038e+02
<TRANSP> 5
 0.000000e+00 1.000000e+00 0.000000e+00 0.000000e+00 0.000000e+00
 0.000000e+00 6.000000e-01 4.000000e-01 0.000000e+00 0.000000e+00
 0.000000e+00 0.000000e+00 6.000000e-01 4.000000e-01 0.000000e+00
 0.000000e+00 0.000000e+00 0.000000e+00 7.000000e-01 3.000000e-01
 0.000000e+00 0.000000e+00 0.000000e+00 0.000000e+00 0.000000e+00
<ENDHMM>
~h "r"
<BEGINHMM>
<NUMSTATES> 5
<STATE> 2
<MEAN> 39
 -1.341867e+01 1.333373e+00 -1.226422e+00 -4.700942e+00 -1.862945e+00 -6.698333e+00 -7.854787e+00 -3.009752e+00 -9.450498e+00 -4.242656e+00 -2.024498e+00 -4.632024e+00 7.400199e+01 2.526000e-03 2.826530e-03 7.442953e-04 5.437038e-03 -2.207614e-03 2.258851e-03 2.691161e-04 -3.088929e-03 7.745285e-04 5.746543e-03 1.482202e-03 -1.028425e-03 -5.414352e-03 -5.392364e-04 -1.374308e-04 3.455956e-04 -1.198713e-03 1.186948e-04 2.986346e-04 -3.721186e-04 -1.532937e-04 4.511720e-04 -1.356196e-04 5.955482e-04 2.503759e-04 4.341028e-04
<VARIANCE> 39
 5.670036e+01 3.010590e+01 4.259943e+01 3.932115e+01 4.141257e+01 5.669725e+01 4.408941e+01 3.498913e+01 4.507037e+01 3.535806e+01 2.667121e+01 2.293597e+01 1.664741e+02 2.246976e+00 1.600909e+00 2.055861e+00 1.940810e+00 2.065593e+00 2.573136e+00 2.112528e+00 2.021224e+00 2.544116e+00 1.897349e+00 1.694854e+00 1.547968e+00 2.043503e+00 3.422596e-01 2.876619e-01 3.352505e-01 3.350492e-01 3.566527e-01 4.526472e-01 3.920183e-01 3.774573e-01 4.724333e-01 3.576777e-01 3.133848e-01 2.862132e-01 2.841266e-01
<GCONST> 1.159038e+02
<STATE> 3
<MEAN> 39
 -1.341867e+01 1.333373e+00 -1.226422e+00 -4.700942e+00 -1.862945e+00 -6.698333e+00 -7.854787e+00 -3.009752e+00 -9.450498e+00 -4.242656e+00 -2.024498e+00 -4.632024e+00 7.400199e+01 2.526000e-03 2.826530e-03 7.442953e-04 5.437038e-03 -2.207614e-03 2.258851e-03 2.691161e-04 -3.088929e-03 7.745285e-04 5.746543e-03 1.482202e-03 -1.028425e-03 -5.414352e-03 -5.392364e-04 -1.374308e-04 3.455956e-04 -1.198713e-03 1.186948e-04 2.986346e-04 -3.721186e-04 -1.532937e-04 4.511720e-04 -1.356196e-04 5.955482e-04 2.503759e-04 4.341028e-04
<VARIANCE> 39
 5.670036e+01 3.010590e+01 4.259943e+01 3.932115e+01 4.141257e+01 5.669725e+01 4.408941e+01 3.498913e+01 4.507037e+01 3.535806e+01 2.667121e+01 2.293597e+01 1.664741e+02 2.246976e+00 1.600909e+00 2.055861e+00 1.940810e+00 2.065593e+00 2.573136e+00 2.112528e+00 2.021224e+00 2.544116e+00 1.897349e+00 1.694854e+00 1.547968e+00 2.043503e+00 3.422596e-01 2.876619e-01 3.352505e-01 3.350492e-01 3.566527e-01 4.526472e-01 3.920183e-01 3.774573e-01 4.724333e-01 3.576777e-01 3.133848e-01 2.862132e-01 2.841266e-01
<GCONST> 1.159038e+02
<STATE> 4
<MEAN> 39
 -1.341867e+01 1.333373e+00 -1.226422e+00 -4.700942e+00 -1.862945e+00 -6.698333e+00 -7.854787e+00 -3.009752e+00 -9.450498e+00 -4.242656e+00 -2.024498e+00 -4.632024e+00 7.400199e+01 2.526000e-03 2.826530e-03 7.442953e-04 5.437038e-03 -2.207614e-03 2.258851e-03 2.691161e-04 -3.088929e-03 7.745285e-04 5.746543e-03 1.482202e-03 -1.028425e-03 -5.414352e-03 -5.392364e-04 -1.374308e-04 3.455956e-04 -1.198713e-03 1.186948e-04 2.986346e-04 -3.721186e-04 -1.532937e-04 4.511720e-04 -1.356196e-04 5.955482e-04 2.503759e-04 4.341028e-04
<VARIANCE> 39
 5.670036e+01 3.010590e+01 4.259943e+01 3.932115e+01 4.141257e+01 5.669725e+01 4.408941e+01 3.498913e+01 4.507037e+01 3.535806e+01 2.667121e+01 2.293597e+01 1.664741e+02 2.246976e+00 1.600909e+00 2.055861e+00 1.940810e+00 2.065593e+00 2.573136e+00 2.112528e+00 2.021224e+00 2.544116e+00 1.897349e+00 1.694854e+00 1.547968e+00 2.043503e+00 3.422596e-01 2.876619e-01 3.352505e-01 3.350492e-01 3.566527e-01 4.526472e-01 3.920183e-01 3.774573e-01 4.724333e-01 3.576777e-01 3.133848e-01 2.862132e-01 2.841266e-01
<GCONST> 1.159038e+02
<TRANSP> 5
 0.000000e+00 1.000000e+00 0.000000e+00 0.000000e+00 0.000000e+00
 0.000000e+00 6.000000e-01 4.000000e-01 0.000000e+00 0.000000e+00
 0.000000e+00 0.000000e+00 6.000000e-01 4.000000e-01 0.000000e+00
 0.000000e+00 0.000000e+00 0.000000e+00 7.000000e-01 3.000000e-01
 0.000000e+00 0.000000e+00 0.000000e+00 0.000000e+00 0.000000e+00
<ENDHMM>
~h "i"
<BEGINHMM>
<NUMSTATES> 5
<STATE> 2
<MEAN> 39
 -1.341867e+01 1.333373e+00 -1.226422e+00 -4.700942e+00 -1.862945e+00 -6.698333e+00 -7.854787e+00 -3.009752e+00 -9.450498e+00 -4.242656e+00 -2.024498e+00 -4.632024e+00 7.400199e+01 2.526000e-03 2.826530e-03 7.442953e-04 5.437038e-03 -2.207614e-03 2.258851e-03 2.691161e-04 -3.088929e-03 7.745285e-04 5.746543e-03 1.482202e-03 -1.028425e-03 -5.414352e-03 -5.392364e-04 -1.374308e-04 3.455956e-04 -1.198713e-03 1.186948e-04 2.986346e-04 -3.721186e-04 -1.532937e-04 4.511720e-04 -1.356196e-04 5.955482e-04 2.503759e-04 4.341028e-04
<VARIANCE> 39
 5.670036e+01 3.010590e+01 4.259943e+01 3.932115e+01 4.141257e+01 5.669725e+01 4.408941e+01 3.498913e+01 4.507037e+01 3.535806e+01 2.667121e+01 2.293597e+01 1.664741e+02 2.246976e+00 1.600909e+00 2.055861e+00 1.940810e+00 2.065593e+00 2.573136e+00 2.112528e+00 2.021224e+00 2.544116e+00 1.897349e+00 1.694854e+00 1.547968e+00 2.043503e+00 3.422596e-01 2.876619e-01 3.352505e-01 3.350492e-01 3.566527e-01 4.526472e-01 3.920183e-01 3.774573e-01 4.724333e-01 3.576777e-01 3.133848e-01 2.862132e-01 2.841266e-01
<GCONST> 1.159038e+02
<STATE> 3
<MEAN> 39
 -1.341867e+01 1.333373e+00 -1.226422e+00 -4.700942e+00 -1.862945e+00 -6.698333e+00 -7.854787e+00 -3.009752e+00 -9.450498e+00 -4.242656e+00 -2.024498e+00 -4.632024e+00 7.400199e+01 2.526000e-03 2.826530e-03 7.442953e-04 5.437038e-03 -2.207614e-03 2.258851e-03 2.691161e-04 -3.088929e-03 7.745285e-04 5.746543e-03 1.482202e-03 -1.028425e-03 -5.414352e-03 -5.392364e-04 -1.374308e-04 3.455956e-04 -1.198713e-03 1.186948e-04 2.986346e-04 -3.721186e-04 -1.532937e-04 4.511720e-04 -1.356196e-04 5.955482e-04 2.503759e-04 4.341028e-04
<VARIANCE> 39
 5.670036e+01 3.010590e+01 4.259943e+01 3.932115e+01 4.141257e+01 5.669725e+01 4.408941e+01 3.498913e+01 4.507037e+01 3.535806e+01 2.667121e+01 2.293597e+01 1.664741e+02 2.246976e+00 1.600909e+00 2.055861e+00 1.940810e+00 2.065593e+00 2.573136e+00 2.112528e+00 2.021224e+00 2.544116e+00 1.897349e+00 1.694854e+00 1.547968e+00 2.043503e+00 3.422596e-01 2.876619e-01 3.352505e-01 3.350492e-01 3.566527e-01 4.526472e-01 3.920183e-01 3.774573e-01 4.724333e-01 3.576777e-01 3.133848e-01 2.862132e-01 2.841266e-01
<GCONST> 1.159038e+02
<STATE> 4
<MEAN> 39
 -1.341867e+01 1.333373e+00 -1.226422e+00 -4.700942e+00 -1.862945e+00 -6.698333e+00 -7.854787e+00 -3.009752e+00 -9.450498e+00 -4.242656e+00 -2.024498e+00 -4.632024e+00 7.400199e+01 2.526000e-03 2.826530e-03 7.442953e-04 5.437038e-03 -2.207614e-03 2.258851e-03 2.691161e-04 -3.088929e-03 7.745285e-04 5.746543e-03 1.482202e-03 -1.028425e-03 -5.414352e-03 -5.392364e-04 -1.374308e-04 3.455956e-04 -1.198713e-03 1.186948e-04 2.986346e-04 -3.721186e-04 -1.532937e-04 4.511720e-04 -1.356196e-04 5.955482e-04 2.503759e-04 4.341028e-04
<VARIANCE> 39
 5.670036e+01 3.010590e+01 4.259943e+01 3.932115e+01 4.141257e+01 5.669725e+01 4.408941e+01 3.498913e+01 4.507037e+01 3.535806e+01 2.667121e+01 2.293597e+01 1.664741e+02 2.246976e+00 1.600909e+00 2.055861e+00 1.940810e+00 2.065593e+00 2.573136e+00 2.112528e+00 2.021224e+00 2.544116e+00 1.897349e+00 1.694854e+00 1.547968e+00 2.043503e+00 3.422596e-01 2.876619e-01 3.352505e-01 3.350492e-01 3.566527e-01 4.526472e-01 3.920183e-01 3.774573e-01 4.724333e-01 3.576777e-01 3.133848e-01 2.862132e-01 2.841266e-01
<GCONST> 1.159038e+02
<TRANSP> 5
 0.000000e+00 1.000000e+00 0.000000e+00 0.000000e+00 0.000000e+00
 0.000000e+00 6.000000e-01 4.000000e-01 0.000000e+00 0.000000e+00
 0.000000e+00 0.000000e+00 6.000000e-01 4.000000e-01 0.000000e+00
 0.000000e+00 0.000000e+00 0.000000e+00 7.000000e-01 3.000000e-01
 0.000000e+00 0.000000e+00 0.000000e+00 0.000000e+00 0.000000e+00
<ENDHMM>
~h "k"
<BEGINHMM>
<NUMSTATES> 5
<STATE> 2
<MEAN> 39
 -1.341867e+01 1.333373e+00 -1.226422e+00 -4.700942e+00 -1.862945e+00 -6.698333e+00 -7.854787e+00 -3.009752e+00 -9.450498e+00 -4.242656e+00 -2.024498e+00 -4.632024e+00 7.400199e+01 2.526000e-03 2.826530e-03 7.442953e-04 5.437038e-03 -2.207614e-03 2.258851e-03 2.691161e-04 -3.088929e-03 7.745285e-04 5.746543e-03 1.482202e-03 -1.028425e-03 -5.414352e-03 -5.392364e-04 -1.374308e-04 3.455956e-04 -1.198713e-03 1.186948e-04 2.986346e-04 -3.721186e-04 -1.532937e-04 4.511720e-04 -1.356196e-04 5.955482e-04 2.503759e-04 4.341028e-04
<VARIANCE> 39
 5.670036e+01 3.010590e+01 4.259943e+01 3.932115e+01 4.141257e+01 5.669725e+01 4.408941e+01 3.498913e+01 4.507037e+01 3.535806e+01 2.667121e+01 2.293597e+01 1.664741e+02 2.246976e+00 1.600909e+00 2.055861e+00 1.940810e+00 2.065593e+00 2.573136e+00 2.112528e+00 2.021224e+00 2.544116e+00 1.897349e+00 1.694854e+00 1.547968e+00 2.043503e+00 3.422596e-01 2.876619e-01 3.352505e-01 3.350492e-01 3.566527e-01 4.526472e-01 3.920183e-01 3.774573e-01 4.724333e-01 3.576777e-01 3.133848e-01 2.862132e-01 2.841266e-01
<GCONST> 1.159038e+02
<STATE> 3
<MEAN> 39
 -1.341867e+01 1.333373e+00 -1.226422e+00 -4.700942e+00 -1.862945e+00 -6.698333e+00 -7.854787e+00 -3.009752e+00 -9.450498e+00 -4.242656e+00 -2.024498e+00 -4.632024e+00 7.400199e+01 2.526000e-03 2.826530e-03 7.442953e-04 5.437038e-03 -2.207614e-03 2.258851e-03 2.691161e-04 -3.088929e-03 7.745285e-04 5.746543e-03 1.482202e-03 -1.028425e-03 -5.414352e-03 -5.392364e-04 -1.374308e-04 3.455956e-04 -1.198713e-03 1.186948e-04 2.986346e-04 -3.721186e-04 -1.532937e-04 4.511720e-04 -1.356196e-04 5.955482e-04 2.503759e-04 4.341028e-04
<VARIANCE> 39
 5.670036e+01 3.010590e+01 4.259943e+01 3.932115e+01 4.141257e+01 5.669725e+01 4.408941e+01 3.498913e+01 4.507037e+01 3.535806e+01 2.667121e+01 2.293597e+01 1.664741e+02 2.246976e+00 1.600909e+00 2.055861e+00 1.940810e+00 2.065593e+00 2.573136e+00 2.112528e+00 2.021224e+00 2.544116e+00 1.897349e+00 1.694854e+00 1.547968e+00 2.043503e+00 3.422596e-01 2.876619e-01 3.352505e-01 3.350492e-01 3.566527e-01 4.526472e-01 3.920183e-01 3.774573e-01 4.724333e-01 3.576777e-01 3.133848e-01 2.862132e-01 2.841266e-01
<GCONST> 1.159038e+02
<STATE> 4
<MEAN> 39
 -1.341867e+01 1.333373e+00 -1.226422e+00 -4.700942e+00 -1.862945e+00 -6.698333e+00 -7.854787e+00 -3.009752e+00 -9.450498e+00 -4.242656e+00 -2.024498e+00 -4.632024e+00 7.400199e+01 2.526000e-03 2.826530e-03 7.442953e-04 5.437038e-03 -2.207614e-03 2.258851e-03 2.691161e-04 -3.088929e-03 7.745285e-04 5.746543e-03 1.482202e-03 -1.028425e-03 -5.414352e-03 -5.392364e-04 -1.374308e-04 3.455956e-04 -1.198713e-03 1.186948e-04 2.986346e-04 -3.721186e-04 -1.532937e-04 4.511720e-04 -1.356196e-04 5.955482e-04 2.503759e-04 4.341028e-04
<VARIANCE> 39
 5.670036e+01 3.010590e+01 4.259943e+01 3.932115e+01 4.141257e+01 5.669725e+01 4.408941e+01 3.498913e+01 4.507037e+01 3.535806e+01 2.667121e+01 2.293597e+01 1.664741e+02 2.246976e+00 1.600909e+00 2.055861e+00 1.940810e+00 2.065593e+00 2.573136e+00 2.112528e+00 2.021224e+00 2.544116e+00 1.897349e+00 1.694854e+00 1.547968e+00 2.043503e+00 3.422596e-01 2.876619e-01 3.352505e-01 3.350492e-01 3.566527e-01 4.526472e-01 3.920183e-01 3.774573e-01 4.724333e-01 3.576777e-01 3.133848e-01 2.862132e-01 2.841266e-01
<GCONST> 1.159038e+02
<TRANSP> 5
 0.000000e+00 1.000000e+00 0.000000e+00 0.000000e+00 0.000000e+00
 0.000000e+00 6.000000e-01 4.000000e-01 0.000000e+00 0.000000e+00
 0.000000e+00 0.000000e+00 6.000000e-01 4.000000e-01 0.000000e+00
 0.000000e+00 0.000000e+00 0.000000e+00 7.000000e-01 3.000000e-01
 0.000000e+00 0.000000e+00 0.000000e+00 0.000000e+00 0.000000e+00
<ENDHMM>
~h "u"
<BEGINHMM>
<NUMSTATES> 5
<STATE> 2
<MEAN> 39
 -1.341867e+01 1.333373e+00 -1.226422e+00 -4.700942e+00 -1.862945e+00 -6.698333e+00 -7.854787e+00 -3.009752e+00 -9.450498e+00 -4.242656e+00 -2.024498e+00 -4.632024e+00 7.400199e+01 2.526000e-03 2.826530e-03 7.442953e-04 5.437038e-03 -2.207614e-03 2.258851e-03 2.691161e-04 -3.088929e-03 7.745285e-04 5.746543e-03 1.482202e-03 -1.028425e-03 -5.414352e-03 -5.392364e-04 -1.374308e-04 3.455956e-04 -1.198713e-03 1.186948e-04 2.986346e-04 -3.721186e-04 -1.532937e-04 4.511720e-04 -1.356196e-04 5.955482e-04 2.503759e-04 4.341028e-04
<VARIANCE> 39
 5.670036e+01 3.010590e+01 4.259943e+01 3.932115e+01 4.141257e+01 5.669725e+01 4.408941e+01 3.498913e+01 4.507037e+01 3.535806e+01 2.667121e+01 2.293597e+01 1.664741e+02 2.246976e+00 1.600909e+00 2.055861e+00 1.940810e+00 2.065593e+00 2.573136e+00 2.112528e+00 2.021224e+00 2.544116e+00 1.897349e+00 1.694854e+00 1.547968e+00 2.043503e+00 3.422596e-01 2.876619e-01 3.352505e-01 3.350492e-01 3.566527e-01 4.526472e-01 3.920183e-01 3.774573e-01 4.724333e-01 3.576777e-01 3.133848e-01 2.862132e-01 2.841266e-01
<GCONST> 1.159038e+02
<STATE> 3
<MEAN> 39
 -1.341867e+01 1.333373e+00 -1.226422e+00 -4.700942e+00 -1.862945e+00 -6.698333e+00 -7.854787e+00 -3.009752e+00 -9.450498e+00 -4.242656e+00 -2.024498e+00 -4.632024e+00 7.400199e+01 2.526000e-03 2.826530e-03 7.442953e-04 5.437038e-03 -2.207614e-03 2.258851e-03 2.691161e-04 -3.088929e-03 7.745285e-04 5.746543e-03 1.482202e-03 -1.028425e-03 -5.414352e-03 -5.392364e-04 -1.374308e-04 3.455956e-04 -1.198713e-03 1.186948e-04 2.986346e-04 -3.721186e-04 -1.532937e-04 4.511720e-04 -1.356196e-04 5.955482e-04 2.503759e-04 4.341028e-04
<VARIANCE> 39
 5.670036e+01 3.010590e+01 4.259943e+01 3.932115e+01 4.141257e+01 5.669725e+01 4.408941e+01 3.498913e+01 4.507037e+01 3.535806e+01 2.667121e+01 2.293597e+01 1.664741e+02 2.246976e+00 1.600909e+00 2.055861e+00 1.940810e+00 2.065593e+00 2.573136e+00 2.112528e+00 2.021224e+00 2.544116e+00 1.897349e+00 1.694854e+00 1.547968e+00 2.043503e+00 3.422596e-01 2.876619e-01 3.352505e-01 3.350492e-01 3.566527e-01 4.526472e-01 3.920183e-01 3.774573e-01 4.724333e-01 3.576777e-01 3.133848e-01 2.862132e-01 2.841266e-01
<GCONST> 1.159038e+02
<STATE> 4
<MEAN> 39
 -1.341867e+01 1.333373e+00 -1.226422e+00 -4.700942e+00 -1.862945e+00 -6.698333e+00 -7.854787e+00 -3.009752e+00 -9.450498e+00 -4.242656e+00 -2.024498e+00 -4.632024e+00 7.400199e+01 2.526000e-03 2.826530e-03 7.442953e-04 5.437038e-03 -2.207614e-03 2.258851e-03 2.691161e-04 -3.088929e-03 7.745285e-04 5.746543e-03 1.482202e-03 -1.028425e-03 -5.414352e-03 -5.392364e-04 -1.374308e-04 3.455956e-04 -1.198713e-03 1.186948e-04 2.986346e-04 -3.721186e-04 -1.532937e-04 4.511720e-04 -1.356196e-04 5.955482e-04 2.503759e-04 4.341028e-04
<VARIANCE> 39
 5.670036e+01 3.010590e+01 4.259943e+01 3.932115e+01 4.141257e+01 5.669725e+01 4.408941e+01 3.498913e+01 4.507037e+01 3.535806e+01 2.667121e+01 2.293597e+01 1.664741e+02 2.246976e+00 1.600909e+00 2.055861e+00 1.940810e+00 2.065593e+00 2.573136e+00 2.112528e+00 2.021224e+00 2.544116e+00 1.897349e+00 1.694854e+00 1.547968e+00 2.043503e+00 3.422596e-01 2.876619e-01 3.352505e-01 3.350492e-01 3.566527e-01 4.526472e-01 3.920183e-01 3.774573e-01 4.724333e-01 3.576777e-01 3.133848e-01 2.862132e-01 2.841266e-01
<GCONST> 1.159038e+02
<TRANSP> 5
 0.000000e+00 1.000000e+00 0.000000e+00 0.000000e+00 0.000000e+00
 0.000000e+00 6.000000e-01 4.000000e-01 0.000000e+00 0.000000e+00
 0.000000e+00 0.000000e+00 6.000000e-01 4.000000e-01 0.000000e+00
 0.000000e+00 0.000000e+00 0.000000e+00 7.000000e-01 3.000000e-01
 0.000000e+00 0.000000e+00 0.000000e+00 0.000000e+00 0.000000e+00
<ENDHMM>
~h "t"
<BEGINHMM>
<NUMSTATES> 5
<STATE> 2
<MEAN> 39
 -1.341867e+01 1.333373e+00 -1.226422e+00 -4.700942e+00 -1.862945e+00 -6.698333e+00 -7.854787e+00 -3.009752e+00 -9.450498e+00 -4.242656e+00 -2.024498e+00 -4.632024e+00 7.400199e+01 2.526000e-03 2.826530e-03 7.442953e-04 5.437038e-03 -2.207614e-03 2.258851e-03 2.691161e-04 -3.088929e-03 7.745285e-04 5.746543e-03 1.482202e-03 -1.028425e-03 -5.414352e-03 -5.392364e-04 -1.374308e-04 3.455956e-04 -1.198713e-03 1.186948e-04 2.986346e-04 -3.721186e-04 -1.532937e-04 4.511720e-04 -1.356196e-04 5.955482e-04 2.503759e-04 4.341028e-04
<VARIANCE> 39
 5.670036e+01 3.010590e+01 4.259943e+01 3.932115e+01 4.141257e+01 5.669725e+01 4.408941e+01 3.498913e+01 4.507037e+01 3.535806e+01 2.667121e+01 2.293597e+01 1.664741e+02 2.246976e+00 1.600909e+00 2.055861e+00 1.940810e+00 2.065593e+00 2.573136e+00 2.112528e+00 2.021224e+00 2.544116e+00 1.897349e+00 1.694854e+00 1.547968e+00 2.043503e+00 3.422596e-01 2.876619e-01 3.352505e-01 3.350492e-01 3.566527e-01 4.526472e-01 3.920183e-01 3.774573e-01 4.724333e-01 3.576777e-01 3.133848e-01 2.862132e-01 2.841266e-01
<GCONST> 1.159038e+02
<STATE> 3
<MEAN> 39
 -1.341867e+01 1.333373e+00 -1.226422e+00 -4.700942e+00 -1.862945e+00 -6.698333e+00 -7.854787e+00 -3.009752e+00 -9.450498e+00 -4.242656e+00 -2.024498e+00 -4.632024e+00 7.400199e+01 2.526000e-03 2.826530e-03 7.442953e-04 5.437038e-03 -2.207614e-03 2.258851e-03 2.691161e-04 -3.088929e-03 7.745285e-04 5.746543e-03 1.482202e-03 -1.028425e-03 -5.414352e-03 -5.392364e-04 -1.374308e-04 3.455956e-04 -1.198713e-03 1.186948e-04 2.986346e-04 -3.721186e-04 -1.532937e-04 4.511720e-04 -1.356196e-04 5.955482e-04 2.503759e-04 4.341028e-04
<VARIANCE> 39
 5.670036e+01 3.010590e+01 4.259943e+01 3.932115e+01 4.141257e+01 5.669725e+01 4.408941e+01 3.498913e+01 4.507037e+01 3.535806e+01 2.667121e+01 2.293597e+01 1.664741e+02 2.246976e+00 1.600909e+00 2.055861e+00 1.940810e+00 2.065593e+00 2.573136e+00 2.112528e+00 2.021224e+00 2.544116e+00 1.897349e+00 1.694854e+00 1.547968e+00 2.043503e+00 3.422596e-01 2.876619e-01 3.352505e-01 3.350492e-01 3.566527e-01 4.526472e-01 3.920183e-01 3.774573e-01 4.724333e-01 3.576777e-01 3.133848e-01 2.862132e-01 2.841266e-01
<GCONST> 1.159038e+02
<STATE> 4
<MEAN> 39
 -1.341867e+01 1.333373e+00 -1.226422e+00 -4.700942e+00 -1.862945e+00 -6.698333e+00 -7.854787e+00 -3.009752e+00 -9.450498e+00 -4.242656e+00 -2.024498e+00 -4.632024e+00 7.400199e+01 2.526000e-03 2.826530e-03 7.442953e-04 5.437038e-03 -2.207614e-03 2.258851e-03 2.691161e-04 -3.088929e-03 7.745285e-04 5.746543e-03 1.482202e-03 -1.028425e-03 -5.414352e-03 -5.392364e-04 -1.374308e-04 3.455956e-04 -1.198713e-03 1.186948e-04 2.986346e-04 -3.721186e-04 -1.532937e-04 4.511720e-04 -1.356196e-04 5.955482e-04 2.503759e-04 4.341028e-04
<VARIANCE> 39
 5.670036e+01 3.010590e+01 4.259943e+01 3.932115e+01 4.141257e+01 5.669725e+01 4.408941e+01 3.498913e+01 4.507037e+01 3.535806e+01 2.667121e+01 2.293597e+01 1.664741e+02 2.246976e+00 1.600909e+00 2.055861e+00 1.940810e+00 2.065593e+00 2.573136e+00 2.112528e+00 2.021224e+00 2.544116e+00 1.897349e+00 1.694854e+00 1.547968e+00 2.043503e+00 3.422596e-01 2.876619e-01 3.352505e-01 3.350492e-01 3.566527e-01 4.526472e-01 3.920183e-01 3.774573e-01 4.724333e-01 3.576777e-01 3.133848e-01 2.862132e-01 2.841266e-01
<GCONST> 1.159038e+02
<TRANSP> 5
 0.000000e+00 1.000000e+00 0.000000e+00 0.000000e+00 0.000000e+00
 0.000000e+00 6.000000e-01 4.000000e-01 0.000000e+00 0.000000e+00
 0.000000e+00 0.000000e+00 6.000000e-01 4.000000e-01 0.000000e+00
 0.000000e+00 0.000000e+00 0.000000e+00 7.000000e-01 3.000000e-01
 0.000000e+00 0.000000e+00 0.000000e+00 0.000000e+00 0.000000e+00
<ENDHMM>
~h "ny"
<BEGINHMM>
<NUMSTATES> 5
<STATE> 2
<MEAN> 39
 -1.341867e+01 1.333373e+00 -1.226422e+00 -4.700942e+00 -1.862945e+00 -6.698333e+00 -7.854787e+00 -3.009752e+00 -9.450498e+00 -4.242656e+00 -2.024498e+00 -4.632024e+00 7.400199e+01 2.526000e-03 2.826530e-03 7.442953e-04 5.437038e-03 -2.207614e-03 2.258851e-03 2.691161e-04 -3.088929e-03 7.745285e-04 5.746543e-03 1.482202e-03 -1.028425e-03 -5.414352e-03 -5.392364e-04 -1.374308e-04 3.455956e-04 -1.198713e-03 1.186948e-04 2.986346e-04 -3.721186e-04 -1.532937e-04 4.511720e-04 -1.356196e-04 5.955482e-04 2.503759e-04 4.341028e-04
<VARIANCE> 39
 5.670036e+01 3.010590e+01 4.259943e+01 3.932115e+01 4.141257e+01 5.669725e+01 4.408941e+01 3.498913e+01 4.507037e+01 3.535806e+01 2.667121e+01 2.293597e+01 1.664741e+02 2.246976e+00 1.600909e+00 2.055861e+00 1.940810e+00 2.065593e+00 2.573136e+00 2.112528e+00 2.021224e+00 2.544116e+00 1.897349e+00 1.694854e+00 1.547968e+00 2.043503e+00 3.422596e-01 2.876619e-01 3.352505e-01 3.350492e-01 3.566527e-01 4.526472e-01 3.920183e-01 3.774573e-01 4.724333e-01 3.576777e-01 3.133848e-01 2.862132e-01 2.841266e-01
<GCONST> 1.159038e+02
<STATE> 3
<MEAN> 39
 -1.341867e+01 1.333373e+00 -1.226422e+00 -4.700942e+00 -1.862945e+00 -6.698333e+00 -7.854787e+00 -3.009752e+00 -9.450498e+00 -4.242656e+00 -2.024498e+00 -4.632024e+00 7.400199e+01 2.526000e-03 2.826530e-03 7.442953e-04 5.437038e-03 -2.207614e-03 2.258851e-03 2.691161e-04 -3.088929e-03 7.745285e-04 5.746543e-03 1.482202e-03 -1.028425e-03 -5.414352e-03 -5.392364e-04 -1.374308e-04 3.455956e-04 -1.198713e-03 1.186948e-04 2.986346e-04 -3.721186e-04 -1.532937e-04 4.511720e-04 -1.356196e-04 5.955482e-04 2.503759e-04 4.341028e-04
<VARIANCE> 39
 5.670036e+01 3.010590e+01 4.259943e+01 3.932115e+01 4.141257e+01 5.669725e+01 4.408941e+01 3.498913e+01 4.507037e+01 3.535806e+01 2.667121e+01 2.293597e+01 1.664741e+02 2.246976e+00 1.600909e+00 2.055861e+00 1.940810e+00 2.065593e+00 2.573136e+00 2.112528e+00 2.021224e+00 2.544116e+00 1.897349e+00 1.694854e+00 1.547968e+00 2.043503e+00 3.422596e-01 2.876619e-01 3.352505e-01 3.350492e-01 3.566527e-01 4.526472e-01 3.920183e-01 3.774573e-01 4.724333e-01 3.576777e-01 3.133848e-01 2.862132e-01 2.841266e-01
<GCONST> 1.159038e+02
<STATE> 4
<MEAN> 39
 -1.341867e+01 1.333373e+00 -1.226422e+00 -4.700942e+00 -1.862945e+00 -6.698333e+00 -7.854787e+00 -3.009752e+00 -9.450498e+00 -4.242656e+00 -2.024498e+00 -4.632024e+00 7.400199e+01 2.526000e-03 2.826530e-03 7.442953e-04 5.437038e-03 -2.207614e-03 2.258851e-03 2.691161e-04 -3.088929e-03 7.745285e-04 5.746543e-03 1.482202e-03 -1.028425e-03 -5.414352e-03 -5.392364e-04 -1.374308e-04 3.455956e-04 -1.198713e-03 1.186948e-04 2.986346e-04 -3.721186e-04 -1.532937e-04 4.511720e-04 -1.356196e-04 5.955482e-04 2.503759e-04 4.341028e-04
<VARIANCE> 39
 5.670036e+01 3.010590e+01 4.259943e+01 3.932115e+01 4.141257e+01 5.669725e+01 4.408941e+01 3.498913e+01 4.507037e+01 3.535806e+01 2.667121e+01 2.293597e+01 1.664741e+02 2.246976e+00 1.600909e+00 2.055861e+00 1.940810e+00 2.065593e+00 2.573136e+00 2.112528e+00 2.021224e+00 2.544116e+00 1.897349e+00 1.694854e+00 1.547968e+00 2.043503e+00 3.422596e-01 2.876619e-01 3.352505e-01 3.350492e-01 3.566527e-01 4.526472e-01 3.920183e-01 3.774573e-01 4.724333e-01 3.576777e-01 3.133848e-01 2.862132e-01 2.841266e-01
<GCONST> 1.159038e+02
<TRANSP> 5
 0.000000e+00 1.000000e+00 0.000000e+00 0.000000e+00 0.000000e+00
 0.000000e+00 6.000000e-01 4.000000e-01 0.000000e+00 0.000000e+00
 0.000000e+00 0.000000e+00 6.000000e-01 4.000000e-01 0.000000e+00
 0.000000e+00 0.000000e+00 0.000000e+00 7.000000e-01 3.000000e-01
 0.000000e+00 0.000000e+00 0.000000e+00 0.000000e+00 0.000000e+00
<ENDHMM>
~h "a"
<BEGINHMM>
<NUMSTATES> 5
<STATE> 2
<MEAN> 39
 -1.341867e+01 1.333373e+00 -1.226422e+00 -4.700942e+00 -1.862945e+00 -6.698333e+00 -7.854787e+00 -3.009752e+00 -9.450498e+00 -4.242656e+00 -2.024498e+00 -4.632024e+00 7.400199e+01 2.526000e-03 2.826530e-03 7.442953e-04 5.437038e-03 -2.207614e-03 2.258851e-03 2.691161e-04 -3.088929e-03 7.745285e-04 5.746543e-03 1.482202e-03 -1.028425e-03 -5.414352e-03 -5.392364e-04 -1.374308e-04 3.455956e-04 -1.198713e-03 1.186948e-04 2.986346e-04 -3.721186e-04 -1.532937e-04 4.511720e-04 -1.356196e-04 5.955482e-04 2.503759e-04 4.341028e-04
<VARIANCE> 39
 5.670036e+01 3.010590e+01 4.259943e+01 3.932115e+01 4.141257e+01 5.669725e+01 4.408941e+01 3.498913e+01 4.507037e+01 3.535806e+01 2.667121e+01 2.293597e+01 1.664741e+02 2.246976e+00 1.600909e+00 2.055861e+00 1.940810e+00 2.065593e+00 2.573136e+00 2.112528e+00 2.021224e+00 2.544116e+00 1.897349e+00 1.694854e+00 1.547968e+00 2.043503e+00 3.422596e-01 2.876619e-01 3.352505e-01 3.350492e-01 3.566527e-01 4.526472e-01 3.920183e-01 3.774573e-01 4.724333e-01 3.576777e-01 3.133848e-01 2.862132e-01 2.841266e-01
<GCONST> 1.159038e+02
<STATE> 3
<MEAN> 39
 -1.341867e+01 1.333373e+00 -1.226422e+00 -4.700942e+00 -1.862945e+00 -6.698333e+00 -7.854787e+00 -3.009752e+00 -9.450498e+00 -4.242656e+00 -2.024498e+00 -4.632024e+00 7.400199e+01 2.526000e-03 2.826530e-03 7.442953e-04 5.437038e-03 -2.207614e-03 2.258851e-03 2.691161e-04 -3.088929e-03 7.745285e-04 5.746543e-03 1.482202e-03 -1.028425e-03 -5.414352e-03 -5.392364e-04 -1.374308e-04 3.455956e-04 -1.198713e-03 1.186948e-04 2.986346e-04 -3.721186e-04 -1.532937e-04 4.511720e-04 -1.356196e-04 5.955482e-04 2.503759e-04 4.341028e-04
<VARIANCE> 39
 5.670036e+01 3.010590e+01 4.259943e+01 3.932115e+01 4.141257e+01 5.669725e+01 4.408941e+01 3.498913e+01 4.507037e+01 3.535806e+01 2.667121e+01 2.293597e+01 1.664741e+02 2.246976e+00 1.600909e+00 2.055861e+00 1.940810e+00 2.065593e+00 2.573136e+00 2.112528e+00 2.021224e+00 2.544116e+00 1.897349e+00 1.694854e+00 1.547968e+00 2.043503e+00 3.422596e-01 2.876619e-01 3.352505e-01 3.350492e-01 3.566527e-01 4.526472e-01 3.920183e-01 3.774573e-01 4.724333e-01 3.576777e-01 3.133848e-01 2.862132e-01 2.841266e-01
<GCONST> 1.159038e+02
<STATE> 4
<MEAN> 39
 -1.341867e+01 1.333373e+00 -1.226422e+00 -4.700942e+00 -1.862945e+00 -6.698333e+00 -7.854787e+00 -3.009752e+00 -9.450498e+00 -4.242656e+00 -2.024498e+00 -4.632024e+00 7.400199e+01 2.526000e-03 2.826530e-03 7.442953e-04 5.437038e-03 -2.207614e-03 2.258851e-03 2.691161e-04 -3.088929e-03 7.745285e-04 5.746543e-03 1.482202e-03 -1.028425e-03 -5.414352e-03 -5.392364e-04 -1.374308e-04 3.455956e-04 -1.198713e-03 1.186948e-04 2.986346e-04 -3.721186e-04 -1.532937e-04 4.511720e-04 -1.356196e-04 5.955482e-04 2.503759e-04 4.341028e-04
<VARIANCE> 39
 5.670036e+01 3.010590e+01 4.259943e+01 3.932115e+01 4.141257e+01 5.669725e+01 4.408941e+01 3.498913e+01 4.507037e+01 3.535806e+01 2.667121e+01 2.293597e+01 1.664741e+02 2.246976e+00 1.600909e+00 2.055861e+00 1.940810e+00 2.065593e+00 2.573136e+00 2.112528e+00 2.021224e+00 2.544116e+00 1.897349e+00 1.694854e+00 1.547968e+00 2.043503e+00 3.422596e-01 2.876619e-01 3.352505e-01 3.350492e-01 3.566527e-01 4.526472e-01 3.920183e-01 3.774573e-01 4.724333e-01 3.576777e-01 3.133848e-01 2.862132e-01 2.841266e-01
<GCONST> 1.159038e+02
<TRANSP> 5
 0.000000e+00 1.000000e+00 0.000000e+00 0.000000e+00 0.000000e+00
 0.000000e+00 6.000000e-01 4.000000e-01 0.000000e+00 0.000000e+00
 0.000000e+00 0.000000e+00 6.000000e-01 4.000000e-01 0.000000e+00
 0.000000e+00 0.000000e+00 0.000000e+00 7.000000e-01 3.000000e-01
 0.000000e+00 0.000000e+00 0.000000e+00 0.000000e+00 0.000000e+00
<ENDHMM>
~h "d"
<BEGINHMM>
<NUMSTATES> 5
<STATE> 2
<MEAN> 39
 -1.341867e+01 1.333373e+00 -1.226422e+00 -4.700942e+00 -1.862945e+00 -6.698333e+00 -7.854787e+00 -3.009752e+00 -9.450498e+00 -4.242656e+00 -2.024498e+00 -4.632024e+00 7.400199e+01 2.526000e-03 2.826530e-03 7.442953e-04 5.437038e-03 -2.207614e-03 2.258851e-03 2.691161e-04 -3.088929e-03 7.745285e-04 5.746543e-03 1.482202e-03 -1.028425e-03 -5.414352e-03 -5.392364e-04 -1.374308e-04 3.455956e-04 -1.198713e-03 1.186948e-04 2.986346e-04 -3.721186e-04 -1.532937e-04 4.511720e-04 -1.356196e-04 5.955482e-04 2.503759e-04 4.341028e-04
<VARIANCE> 39
 5.670036e+01 3.010590e+01 4.259943e+01 3.932115e+01 4.141257e+01 5.669725e+01 4.408941e+01 3.498913e+01 4.507037e+01 3.535806e+01 2.667121e+01 2.293597e+01 1.664741e+02 2.246976e+00 1.600909e+00 2.055861e+00 1.940810e+00 2.065593e+00 2.573136e+00 2.112528e+00 2.021224e+00 2.544116e+00 1.897349e+00 1.694854e+00 1.547968e+00 2.043503e+00 3.422596e-01 2.876619e-01 3.352505e-01 3.350492e-01 3.566527e-01 4.526472e-01 3.920183e-01 3.774573e-01 4.724333e-01 3.576777e-01 3.133848e-01 2.862132e-01 2.841266e-01
<GCONST> 1.159038e+02
<STATE> 3
<MEAN> 39
 -1.341867e+01 1.333373e+00 -1.226422e+00 -4.700942e+00 -1.862945e+00 -6.698333e+00 -7.854787e+00 -3.009752e+00 -9.450498e+00 -4.242656e+00 -2.024498e+00 -4.632024e+00 7.400199e+01 2.526000e-03 2.826530e-03 7.442953e-04 5.437038e-03 -2.207614e-03 2.258851e-03 2.691161e-04 -3.088929e-03 7.745285e-04 5.746543e-03 1.482202e-03 -1.028425e-03 -5.414352e-03 -5.392364e-04 -1.374308e-04 3.455956e-04 -1.198713e-03 1.186948e-04 2.986346e-04 -3.721186e-04 -1.532937e-04 4.511720e-04 -1.356196e-04 5.955482e-04 2.503759e-04 4.341028e-04
<VARIANCE> 39
 5.670036e+01 3.010590e+01 4.259943e+01 3.932115e+01 4.141257e+01 5.669725e+01 4.408941e+01 3.498913e+01 4.507037e+01 3.535806e+01 2.667121e+01 2.293597e+01 1.664741e+02 2.246976e+00 1.600909e+00 2.055861e+00 1.940810e+00 2.065593e+00 2.573136e+00 2.112528e+00 2.021224e+00 2.544116e+00 1.897349e+00 1.694854e+00 1.547968e+00 2.043503e+00 3.422596e-01 2.876619e-01 3.352505e-01 3.350492e-01 3.566527e-01 4.526472e-01 3.920183e-01 3.774573e-01 4.724333e-01 3.576777e-01 3.133848e-01 2.862132e-01 2.841266e-01
<GCONST> 1.159038e+02
<STATE> 4
<MEAN> 39
 -1.341867e+01 1.333373e+00 -1.226422e+00 -4.700942e+00 -1.862945e+00 -6.698333e+00 -7.854787e+00 -3.009752e+00 -9.450498e+00 -4.242656e+00 -2.024498e+00 -4.632024e+00 7.400199e+01 2.526000e-03 2.826530e-03 7.442953e-04 5.437038e-03 -2.207614e-03 2.258851e-03 2.691161e-04 -3.088929e-03 7.745285e-04 5.746543e-03 1.482202e-03 -1.028425e-03 -5.414352e-03 -5.392364e-04 -1.374308e-04 3.455956e-04 -1.198713e-03 1.186948e-04 2.986346e-04 -3.721186e-04 -1.532937e-04 4.511720e-04 -1.356196e-04 5.955482e-04 2.503759e-04 4.341028e-04
<VARIANCE> 39
 5.670036e+01 3.010590e+01 4.259943e+01 3.932115e+01 4.141257e+01 5.669725e+01 4.408941e+01 3.498913e+01 4.507037e+01 3.535806e+01 2.667121e+01 2.293597e+01 1.664741e+02 2.246976e+00 1.600909e+00 2.055861e+00 1.940810e+00 2.065593e+00 2.573136e+00 2.112528e+00 2.021224e+00 2.544116e+00 1.897349e+00 1.694854e+00 1.547968e+00 2.043503e+00 3.422596e-01 2.876619e-01 3.352505e-01 3.350492e-01 3.566527e-01 4.526472e-01 3.920183e-01 3.774573e-01 4.724333e-01 3.576777e-01 3.133848e-01 2.862132e-01 2.841266e-01
<GCONST> 1.159038e+02
<TRANSP> 5
 0.000000e+00 1.000000e+00 0.000000e+00 0.000000e+00 0.000000e+00
 0.000000e+00 6.000000e-01 4.000000e-01 0.000000e+00 0.000000e+00
 0.000000e+00 0.000000e+00 6.000000e-01 4.000000e-01 0.000000e+00
 0.000000e+00 0.000000e+00 0.000000e+00 7.000000e-01 3.000000e-01
 0.000000e+00 0.000000e+00 0.000000e+00 0.000000e+00 0.000000e+00
<ENDHMM>
~h "l"
<BEGINHMM>
<NUMSTATES> 5
<STATE> 2
<MEAN> 39
 -1.341867e+01 1.333373e+00 -1.226422e+00 -4.700942e+00 -1.862945e+00 -6.698333e+00 -7.854787e+00 -3.009752e+00 -9.450498e+00 -4.242656e+00 -2.024498e+00 -4.632024e+00 7.400199e+01 2.526000e-03 2.826530e-03 7.442953e-04 5.437038e-03 -2.207614e-03 2.258851e-03 2.691161e-04 -3.088929e-03 7.745285e-04 5.746543e-03 1.482202e-03 -1.028425e-03 -5.414352e-03 -5.392364e-04 -1.374308e-04 3.455956e-04 -1.198713e-03 1.186948e-04 2.986346e-04 -3.721186e-04 -1.532937e-04 4.511720e-04 -1.356196e-04 5.955482e-04 2.503759e-04 4.341028e-04
<VARIANCE> 39
 5.670036e+01 3.010590e+01 4.259943e+01 3.932115e+01 4.141257e+01 5.669725e+01 4.408941e+01 3.498913e+01 4.507037e+01 3.535806e+01 2.667121e+01 2.293597e+01 1.664741e+02 2.246976e+00 1.600909e+00 2.055861e+00 1.940810e+00 2.065593e+00 2.573136e+00 2.112528e+00 2.021224e+00 2.544116e+00 1.897349e+00 1.694854e+00 1.547968e+00 2.043503e+00 3.422596e-01 2.876619e-01 3.352505e-01 3.350492e-01 3.566527e-01 4.526472e-01 3.920183e-01 3.774573e-01 4.724333e-01 3.576777e-01 3.133848e-01 2.862132e-01 2.841266e-01
<GCONST> 1.159038e+02
<STATE> 3
<MEAN> 39
 -1.341867e+01 1.333373e+00 -1.226422e+00 -4.700942e+00 -1.862945e+00 -6.698333e+00 -7.854787e+00 -3.009752e+00 -9.450498e+00 -4.242656e+00 -2.024498e+00 -4.632024e+00 7.400199e+01 2.526000e-03 2.826530e-03 7.442953e-04 5.437038e-03 -2.207614e-03 2.258851e-03 2.691161e-04 -3.088929e-03 7.745285e-04 5.746543e-03 1.482202e-03 -1.028425e-03 -5.414352e-03 -5.392364e-04 -1.374308e-04 3.455956e-04 -1.198713e-03 1.186948e-04 2.986346e-04 -3.721186e-04 -1.532937e-04 4.511720e-04 -1.356196e-04 5.955482e-04 2.503759e-04 4.341028e-04
<VARIANCE> 39
 5.670036e+01 3.010590e+01 4.259943e+01 3.932115e+01 4.141257e+01 5.669725e+01 4.408941e+01 3.498913e+01 4.507037e+01 3.535806e+01 2.667121e+01 2.293597e+01 1.664741e+02 2.246976e+00 1.600909e+00 2.055861e+00 1.940810e+00 2.065593e+00 2.573136e+00 2.112528e+00 2.021224e+00 2.544116e+00 1.897349e+00 1.694854e+00 1.547968e+00 2.043503e+00 3.422596e-01 2.876619e-01 3.352505e-01 3.350492e-01 3.566527e-01 4.526472e-01 3.920183e-01 3.774573e-01 4.724333e-01 3.576777e-01 3.133848e-01 2.862132e-01 2.841266e-01
<GCONST> 1.159038e+02
<STATE> 4
<MEAN> 39
 -1.341867e+01 1.333373e+00 -1.226422e+00 -4.700942e+00 -1.862945e+00 -6.698333e+00 -7.854787e+00 -3.009752e+00 -9.450498e+00 -4.242656e+00 -2.024498e+00 -4.632024e+00 7.400199e+01 2.526000e-03 2.826530e-03 7.442953e-04 5.437038e-03 -2.207614e-03 2.258851e-03 2.691161e-04 -3.088929e-03 7.745285e-04 5.746543e-03 1.482202e-03 -1.028425e-03 -5.414352e-03 -5.392364e-04 -1.374308e-04 3.455956e-04 -1.198713e-03 1.186948e-04 2.986346e-04 -3.721186e-04 -1.532937e-04 4.511720e-04 -1.356196e-04 5.955482e-04 2.503759e-04 4.341028e-04
<VARIANCE> 39
 5.670036e+01 3.010590e+01 4.259943e+01 3.932115e+01 4.141257e+01 5.669725e+01 4.408941e+01 3.498913e+01 4.507037e+01 3.535806e+01 2.667121e+01 2.293597e+01 1.664741e+02 2.246976e+00 1.600909e+00 2.055861e+00 1.940810e+00 2.065593e+00 2.573136e+00 2.112528e+00 2.021224e+00 2.544116e+00 1.897349e+00 1.694854e+00 1.547968e+00 2.043503e+00 3.422596e-01 2.876619e-01 3.352505e-01 3.350492e-01 3.566527e-01 4.526472e-01 3.920183e-01 3.774573e-01 4.724333e-01 3.576777e-01 3.133848e-01 2.862132e-01 2.841266e-01
<GCONST> 1.159038e+02
<TRANSP> 5
 0.000000e+00 1.000000e+00 0.000000e+00 0.000000e+00 0.000000e+00
 0.000000e+00 6.000000e-01 4.000000e-01 0.000000e+00 0.000000e+00
 0.000000e+00 0.000000e+00 6.000000e-01 4.000000e-01 0.000000e+00
 0.000000e+00 0.000000e+00 0.000000e+00 7.000000e-01 3.000000e-01
 0.000000e+00 0.000000e+00 0.000000e+00 0.000000e+00 0.000000e+00
<ENDHMM>
~h "p"
<BEGINHMM>
<NUMSTATES> 5
<STATE> 2
<MEAN> 39
 -1.341867e+01 1.333373e+00 -1.226422e+00 -4.700942e+00 -1.862945e+00 -6.698333e+00 -7.854787e+00 -3.009752e+00 -9.450498e+00 -4.242656e+00 -2.024498e+00 -4.632024e+00 7.400199e+01 2.526000e-03 2.826530e-03 7.442953e-04 5.437038e-03 -2.207614e-03 2.258851e-03 2.691161e-04 -3.088929e-03 7.745285e-04 5.746543e-03 1.482202e-03 -1.028425e-03 -5.414352e-03 -5.392364e-04 -1.374308e-04 3.455956e-04 -1.198713e-03 1.186948e-04 2.986346e-04 -3.721186e-04 -1.532937e-04 4.511720e-04 -1.356196e-04 5.955482e-04 2.503759e-04 4.341028e-04
<VARIANCE> 39
 5.670036e+01 3.010590e+01 4.259943e+01 3.932115e+01 4.141257e+01 5.669725e+01 4.408941e+01 3.498913e+01 4.507037e+01 3.535806e+01 2.667121e+01 2.293597e+01 1.664741e+02 2.246976e+00 1.600909e+00 2.055861e+00 1.940810e+00 2.065593e+00 2.573136e+00 2.112528e+00 2.021224e+00 2.544116e+00 1.897349e+00 1.694854e+00 1.547968e+00 2.043503e+00 3.422596e-01 2.876619e-01 3.352505e-01 3.350492e-01 3.566527e-01 4.526472e-01 3.920183e-01 3.774573e-01 4.724333e-01 3.576777e-01 3.133848e-01 2.862132e-01 2.841266e-01
<GCONST> 1.159038e+02
<STATE> 3
<MEAN> 39
 -1.341867e+01 1.333373e+00 -1.226422e+00 -4.700942e+00 -1.862945e+00 -6.698333e+00 -7.854787e+00 -3.009752e+00 -9.450498e+00 -4.242656e+00 -2.024498e+00 -4.632024e+00 7.400199e+01 2.526000e-03 2.826530e-03 7.442953e-04 5.437038e-03 -2.207614e-03 2.258851e-03 2.691161e-04 -3.088929e-03 7.745285e-04 5.746543e-03 1.482202e-03 -1.028425e-03 -5.414352e-03 -5.392364e-04 -1.374308e-04 3.455956e-04 -1.198713e-03 1.186948e-04 2.986346e-04 -3.721186e-04 -1.532937e-04 4.511720e-04 -1.356196e-04 5.955482e-04 2.503759e-04 4.341028e-04
<VARIANCE> 39
 5.670036e+01 3.010590e+01 4.259943e+01 3.932115e+01 4.141257e+01 5.669725e+01 4.408941e+01 3.498913e+01 4.507037e+01 3.535806e+01 2.667121e+01 2.293597e+01 1.664741e+02 2.246976e+00 1.600909e+00 2.055861e+00 1.940810e+00 2.065593e+00 2.573136e+00 2.112528e+00 2.021224e+00 2.544116e+00 1.897349e+00 1.694854e+00 1.547968e+00 2.043503e+00 3.422596e-01 2.876619e-01 3.352505e-01 3.350492e-01 3.566527e-01 4.526472e-01 3.920183e-01 3.774573e-01 4.724333e-01 3.576777e-01 3.133848e-01 2.862132e-01 2.841266e-01
<GCONST> 1.159038e+02
<STATE> 4
<MEAN> 39
 -1.341867e+01 1.333373e+00 -1.226422e+00 -4.700942e+00 -1.862945e+00 -6.698333e+00 -7.854787e+00 -3.009752e+00 -9.450498e+00 -4.242656e+00 -2.024498e+00 -4.632024e+00 7.400199e+01 2.526000e-03 2.826530e-03 7.442953e-04 5.437038e-03 -2.207614e-03 2.258851e-03 2.691161e-04 -3.088929e-03 7.745285e-04 5.746543e-03 1.482202e-03 -1.028425e-03 -5.414352e-03 -5.392364e-04 -1.374308e-04 3.455956e-04 -1.198713e-03 1.186948e-04 2.986346e-04 -3.721186e-04 -1.532937e-04 4.511720e-04 -1.356196e-04 5.955482e-04 2.503759e-04 4.341028e-04
<VARIANCE> 39
 5.670036e+01 3.010590e+01 4.259943e+01 3.932115e+01 4.141257e+01 5.669725e+01 4.408941e+01 3.498913e+01 4.507037e+01 3.535806e+01 2.667121e+01 2.293597e+01 1.664741e+02 2.246976e+00 1.600909e+00 2.055861e+00 1.940810e+00 2.065593e+00 2.573136e+00 2.112528e+00 2.021224e+00 2.544116e+00 1.897349e+00 1.694854e+00 1.547968e+00 2.043503e+00 3.422596e-01 2.876619e-01 3.352505e-01 3.350492e-01 3.566527e-01 4.526472e-01 3.920183e-01 3.774573e-01 4.724333e-01 3.576777e-01 3.133848e-01 2.862132e-01 2.841266e-01
<GCONST> 1.159038e+02
<TRANSP> 5
 0.000000e+00 1.000000e+00 0.000000e+00 0.000000e+00 0.000000e+00
 0.000000e+00 6.000000e-01 4.000000e-01 0.000000e+00 0.000000e+00
 0.000000e+00 0.000000e+00 6.000000e-01 4.000000e-01 0.000000e+00
 0.000000e+00 0.000000e+00 0.000000e+00 7.000000e-01 3.000000e-01
 0.000000e+00 0.000000e+00 0.000000e+00 0.000000e+00 0.000000e+00
<ENDHMM>
~h "n"
<BEGINHMM>
<NUMSTATES> 5
<STATE> 2
<MEAN> 39
 -1.341867e+01 1.333373e+00 -1.226422e+00 -4.700942e+00 -1.862945e+00 -6.698333e+00 -7.854787e+00 -3.009752e+00 -9.450498e+00 -4.242656e+00 -2.024498e+00 -4.632024e+00 7.400199e+01 2.526000e-03 2.826530e-03 7.442953e-04 5.437038e-03 -2.207614e-03 2.258851e-03 2.691161e-04 -3.088929e-03 7.745285e-04 5.746543e-03 1.482202e-03 -1.028425e-03 -5.414352e-03 -5.392364e-04 -1.374308e-04 3.455956e-04 -1.198713e-03 1.186948e-04 2.986346e-04 -3.721186e-04 -1.532937e-04 4.511720e-04 -1.356196e-04 5.955482e-04 2.503759e-04 4.341028e-04
<VARIANCE> 39
 5.670036e+01 3.010590e+01 4.259943e+01 3.932115e+01 4.141257e+01 5.669725e+01 4.408941e+01 3.498913e+01 4.507037e+01 3.535806e+01 2.667121e+01 2.293597e+01 1.664741e+02 2.246976e+00 1.600909e+00 2.055861e+00 1.940810e+00 2.065593e+00 2.573136e+00 2.112528e+00 2.021224e+00 2.544116e+00 1.897349e+00 1.694854e+00 1.547968e+00 2.043503e+00 3.422596e-01 2.876619e-01 3.352505e-01 3.350492e-01 3.566527e-01 4.526472e-01 3.920183e-01 3.774573e-01 4.724333e-01 3.576777e-01 3.133848e-01 2.862132e-01 2.841266e-01
<GCONST> 1.159038e+02
<STATE> 3
<MEAN> 39
 -1.341867e+01 1.333373e+00 -1.226422e+00 -4.700942e+00 -1.862945e+00 -6.698333e+00 -7.854787e+00 -3.009752e+00 -9.450498e+00 -4.242656e+00 -2.024498e+00 -4.632024e+00 7.400199e+01 2.526000e-03 2.826530e-03 7.442953e-04 5.437038e-03 -2.207614e-03 2.258851e-03 2.691161e-04 -3.088929e-03 7.745285e-04 5.746543e-03 1.482202e-03 -1.028425e-03 -5.414352e-03 -5.392364e-04 -1.374308e-04 3.455956e-04 -1.198713e-03 1.186948e-04 2.986346e-04 -3.721186e-04 -1.532937e-04 4.511720e-04 -1.356196e-04 5.955482e-04 2.503759e-04 4.341028e-04
<VARIANCE> 39
 5.670036e+01 3.010590e+01 4.259943e+01 3.932115e+01 4.141257e+01 5.669725e+01 4.408941e+01 3.498913e+01 4.507037e+01 3.535806e+01 2.667121e+01 2.293597e+01 1.664741e+02 2.246976e+00 1.600909e+00 2.055861e+00 1.940810e+00 2.065593e+00 2.573136e+00 2.112528e+00 2.021224e+00 2.544116e+00 1.897349e+00 1.694854e+00 1.547968e+00 2.043503e+00 3.422596e-01 2.876619e-01 3.352505e-01 3.350492e-01 3.566527e-01 4.526472e-01 3.920183e-01 3.774573e-01 4.724333e-01 3.576777e-01 3.133848e-01 2.862132e-01 2.841266e-01
<GCONST> 1.159038e+02
<STATE> 4
<MEAN> 39
 -1.341867e+01 1.333373e+00 -1.226422e+00 -4.700942e+00 -1.862945e+00 -6.698333e+00 -7.854787e+00 -3.009752e+00 -9.450498e+00 -4.242656e+00 -2.024498e+00 -4.632024e+00 7.400199e+01 2.526000e-03 2.826530e-03 7.442953e-04 5.437038e-03 -2.207614e-03 2.258851e-03 2.691161e-04 -3.088929e-03 7.745285e-04 5.746543e-03 1.482202e-03 -1.028425e-03 -5.414352e-03 -5.392364e-04 -1.374308e-04 3.455956e-04 -1.198713e-03 1.186948e-04 2.986346e-04 -3.721186e-04 -1.532937e-04 4.511720e-04 -1.356196e-04 5.955482e-04 2.503759e-04 4.341028e-04
<VARIANCE> 39
 5.670036e+01 3.010590e+01 4.259943e+01 3.932115e+01 4.141257e+01 5.669725e+01 4.408941e+01 3.498913e+01 4.507037e+01 3.535806e+01 2.667121e+01 2.293597e+01 1.664741e+02 2.246976e+00 1.600909e+00 2.055861e+00 1.940810e+00 2.065593e+00 2.573136e+00 2.112528e+00 2.021224e+00 2.544116e+00 1.897349e+00 1.694854e+00 1.547968e+00 2.043503e+00 3.422596e-01 2.876619e-01 3.352505e-01 3.350492e-01 3.566527e-01 4.526472e-01 3.920183e-01 3.774573e-01 4.724333e-01 3.576777e-01 3.133848e-01 2.862132e-01 2.841266e-01
<GCONST> 1.159038e+02
<TRANSP> 5
 0.000000e+00 1.000000e+00 0.000000e+00 0.000000e+00 0.000000e+00
 0.000000e+00 6.000000e-01 4.000000e-01 0.000000e+00 0.000000e+00
 0.000000e+00 0.000000e+00 6.000000e-01 4.000000e-01 0.000000e+00
 0.000000e+00 0.000000e+00 0.000000e+00 7.000000e-01 3.000000e-01
 0.000000e+00 0.000000e+00 0.000000e+00 0.000000e+00 0.000000e+00
<ENDHMM>
~h "m"
<BEGINHMM>
<NUMSTATES> 5
<STATE> 2
<MEAN> 39
 -1.341867e+01 1.333373e+00 -1.226422e+00 -4.700942e+00 -1.862945e+00 -6.698333e+00 -7.854787e+00 -3.009752e+00 -9.450498e+00 -4.242656e+00 -2.024498e+00 -4.632024e+00 7.400199e+01 2.526000e-03 2.826530e-03 7.442953e-04 5.437038e-03 -2.207614e-03 2.258851e-03 2.691161e-04 -3.088929e-03 7.745285e-04 5.746543e-03 1.482202e-03 -1.028425e-03 -5.414352e-03 -5.392364e-04 -1.374308e-04 3.455956e-04 -1.198713e-03 1.186948e-04 2.986346e-04 -3.721186e-04 -1.532937e-04 4.511720e-04 -1.356196e-04 5.955482e-04 2.503759e-04 4.341028e-04
<VARIANCE> 39
 5.670036e+01 3.010590e+01 4.259943e+01 3.932115e+01 4.141257e+01 5.669725e+01 4.408941e+01 3.498913e+01 4.507037e+01 3.535806e+01 2.667121e+01 2.293597e+01 1.664741e+02 2.246976e+00 1.600909e+00 2.055861e+00 1.940810e+00 2.065593e+00 2.573136e+00 2.112528e+00 2.021224e+00 2.544116e+00 1.897349e+00 1.694854e+00 1.547968e+00 2.043503e+00 3.422596e-01 2.876619e-01 3.352505e-01 3.350492e-01 3.566527e-01 4.526472e-01 3.920183e-01 3.774573e-01 4.724333e-01 3.576777e-01 3.133848e-01 2.862132e-01 2.841266e-01
<GCONST> 1.159038e+02
<STATE> 3
<MEAN> 39
 -1.341867e+01 1.333373e+00 -1.226422e+00 -4.700942e+00 -1.862945e+00 -6.698333e+00 -7.854787e+00 -3.009752e+00 -9.450498e+00 -4.242656e+00 -2.024498e+00 -4.632024e+00 7.400199e+01 2.526000e-03 2.826530e-03 7.442953e-04 5.437038e-03 -2.207614e-03 2.258851e-03 2.691161e-04 -3.088929e-03 7.745285e-04 5.746543e-03 1.482202e-03 -1.028425e-03 -5.414352e-03 -5.392364e-04 -1.374308e-04 3.455956e-04 -1.198713e-03 1.186948e-04 2.986346e-04 -3.721186e-04 -1.532937e-04 4.511720e-04 -1.356196e-04 5.955482e-04 2.503759e-04 4.341028e-04
<VARIANCE> 39
 5.670036e+01 3.010590e+01 4.259943e+01 3.932115e+01 4.141257e+01 5.669725e+01 4.408941e+01 3.498913e+01 4.507037e+01 3.535806e+01 2.667121e+01 2.293597e+01 1.664741e+02 2.246976e+00 1.600909e+00 2.055861e+00 1.940810e+00 2.065593e+00 2.573136e+00 2.112528e+00 2.021224e+00 2.544116e+00 1.897349e+00 1.694854e+00 1.547968e+00 2.043503e+00 3.422596e-01 2.876619e-01 3.352505e-01 3.350492e-01 3.566527e-01 4.526472e-01 3.920183e-01 3.774573e-01 4.724333e-01 3.576777e-01 3.133848e-01 2.862132e-01 2.841266e-01
<GCONST> 1.159038e+02
<STATE> 4
<MEAN> 39
 -1.341867e+01 1.333373e+00 -1.226422e+00 -4.700942e+00 -1.862945e+00 -6.698333e+00 -7.854787e+00 -3.009752e+00 -9.450498e+00 -4.242656e+00 -2.024498e+00 -4.632024e+00 7.400199e+01 2.526000e-03 2.826530e-03 7.442953e-04 5.437038e-03 -2.207614e-03 2.258851e-03 2.691161e-04 -3.088929e-03 7.745285e-04 5.746543e-03 1.482202e-03 -1.028425e-03 -5.414352e-03 -5.392364e-04 -1.374308e-04 3.455956e-04 -1.198713e-03 1.186948e-04 2.986346e-04 -3.721186e-04 -1.532937e-04 4.511720e-04 -1.356196e-04 5.955482e-04 2.503759e-04 4.341028e-04
<VARIANCE> 39
 5.670036e+01 3.010590e+01 4.259943e+01 3.932115e+01 4.141257e+01 5.669725e+01 4.408941e+01 3.498913e+01 4.507037e+01 3.535806e+01 2.667121e+01 2.293597e+01 1.664741e+02 2.246976e+00 1.600909e+00 2.055861e+00 1.940810e+00 2.065593e+00 2.573136e+00 2.112528e+00 2.021224e+00 2.544116e+00 1.897349e+00 1.694854e+00 1.547968e+00 2.043503e+00 3.422596e-01 2.876619e-01 3.352505e-01 3.350492e-01 3.566527e-01 4.526472e-01 3.920183e-01 3.774573e-01 4.724333e-01 3.576777e-01 3.133848e-01 2.862132e-01 2.841266e-01
<GCONST> 1.159038e+02
<TRANSP> 5
 0.000000e+00 1.000000e+00 0.000000e+00 0.000000e+00 0.000000e+00
 0.000000e+00 6.000000e-01 4.000000e-01 0.000000e+00 0.000000e+00
 0.000000e+00 0.000000e+00 6.000000e-01 4.000000e-01 0.000000e+00
 0.000000e+00 0.000000e+00 0.000000e+00 7.000000e-01 3.000000e-01
 0.000000e+00 0.000000e+00 0.000000e+00 0.000000e+00 0.000000e+00
<ENDHMM>
~h "h"
<BEGINHMM>
<NUMSTATES> 5
<STATE> 2
<MEAN> 39
 -1.341867e+01 1.333373e+00 -1.226422e+00 -4.700942e+00 -1.862945e+00 -6.698333e+00 -7.854787e+00 -3.009752e+00 -9.450498e+00 -4.242656e+00 -2.024498e+00 -4.632024e+00 7.400199e+01 2.526000e-03 2.826530e-03 7.442953e-04 5.437038e-03 -2.207614e-03 2.258851e-03 2.691161e-04 -3.088929e-03 7.745285e-04 5.746543e-03 1.482202e-03 -1.028425e-03 -5.414352e-03 -5.392364e-04 -1.374308e-04 3.455956e-04 -1.198713e-03 1.186948e-04 2.986346e-04 -3.721186e-04 -1.532937e-04 4.511720e-04 -1.356196e-04 5.955482e-04 2.503759e-04 4.341028e-04
<VARIANCE> 39
 5.670036e+01 3.010590e+01 4.259943e+01 3.932115e+01 4.141257e+01 5.669725e+01 4.408941e+01 3.498913e+01 4.507037e+01 3.535806e+01 2.667121e+01 2.293597e+01 1.664741e+02 2.246976e+00 1.600909e+00 2.055861e+00 1.940810e+00 2.065593e+00 2.573136e+00 2.112528e+00 2.021224e+00 2.544116e+00 1.897349e+00 1.694854e+00 1.547968e+00 2.043503e+00 3.422596e-01 2.876619e-01 3.352505e-01 3.350492e-01 3.566527e-01 4.526472e-01 3.920183e-01 3.774573e-01 4.724333e-01 3.576777e-01 3.133848e-01 2.862132e-01 2.841266e-01
<GCONST> 1.159038e+02
<STATE> 3
<MEAN> 39
 -1.341867e+01 1.333373e+00 -1.226422e+00 -4.700942e+00 -1.862945e+00 -6.698333e+00 -7.854787e+00 -3.009752e+00 -9.450498e+00 -4.242656e+00 -2.024498e+00 -4.632024e+00 7.400199e+01 2.526000e-03 2.826530e-03 7.442953e-04 5.437038e-03 -2.207614e-03 2.258851e-03 2.691161e-04 -3.088929e-03 7.745285e-04 5.746543e-03 1.482202e-03 -1.028425e-03 -5.414352e-03 -5.392364e-04 -1.374308e-04 3.455956e-04 -1.198713e-03 1.186948e-04 2.986346e-04 -3.721186e-04 -1.532937e-04 4.511720e-04 -1.356196e-04 5.955482e-04 2.503759e-04 4.341028e-04
<VARIANCE> 39
 5.670036e+01 3.010590e+01 4.259943e+01 3.932115e+01 4.141257e+01 5.669725e+01 4.408941e+01 3.498913e+01 4.507037e+01 3.535806e+01 2.667121e+01 2.293597e+01 1.664741e+02 2.246976e+00 1.600909e+00 2.055861e+00 1.940810e+00 2.065593e+00 2.573136e+00 2.112528e+00 2.021224e+00 2.544116e+00 1.897349e+00 1.694854e+00 1.547968e+00 2.043503e+00 3.422596e-01 2.876619e-01 3.352505e-01 3.350492e-01 3.566527e-01 4.526472e-01 3.920183e-01 3.774573e-01 4.724333e-01 3.576777e-01 3.133848e-01 2.862132e-01 2.841266e-01
<GCONST> 1.159038e+02
<STATE> 4
<MEAN> 39
 -1.341867e+01 1.333373e+00 -1.226422e+00 -4.700942e+00 -1.862945e+00 -6.698333e+00 -7.854787e+00 -3.009752e+00 -9.450498e+00 -4.242656e+00 -2.024498e+00 -4.632024e+00 7.400199e+01 2.526000e-03 2.826530e-03 7.442953e-04 5.437038e-03 -2.207614e-03 2.258851e-03 2.691161e-04 -3.088929e-03 7.745285e-04 5.746543e-03 1.482202e-03 -1.028425e-03 -5.414352e-03 -5.392364e-04 -1.374308e-04 3.455956e-04 -1.198713e-03 1.186948e-04 2.986346e-04 -3.721186e-04 -1.532937e-04 4.511720e-04 -1.356196e-04 5.955482e-04 2.503759e-04 4.341028e-04
<VARIANCE> 39
 5.670036e+01 3.010590e+01 4.259943e+01 3.932115e+01 4.141257e+01 5.669725e+01 4.408941e+01 3.498913e+01 4.507037e+01 3.535806e+01 2.667121e+01 2.293597e+01 1.664741e+02 2.246976e+00 1.600909e+00 2.055861e+00 1.940810e+00 2.065593e+00 2.573136e+00 2.112528e+00 2.021224e+00 2.544116e+00 1.897349e+00 1.694854e+00 1.547968e+00 2.043503e+00 3.422596e-01 2.876619e-01 3.352505e-01 3.350492e-01 3.566527e-01 4.526472e-01 3.920183e-01 3.774573e-01 4.724333e-01 3.576777e-01 3.133848e-01 2.862132e-01 2.841266e-01
<GCONST> 1.159038e+02
<TRANSP> 5
 0.000000e+00 1.000000e+00 0.000000e+00 0.000000e+00 0.000000e+00
 0.000000e+00 6.000000e-01 4.000000e-01 0.000000e+00 0.000000e+00
 0.000000e+00 0.000000e+00 6.000000e-01 4.000000e-01 0.000000e+00
 0.000000e+00 0.000000e+00 0.000000e+00 7.000000e-01 3.000000e-01
 0.000000e+00 0.000000e+00 0.000000e+00 0.000000e+00 0.000000e+00
<ENDHMM>
~h "y"
<BEGINHMM>
<NUMSTATES> 5
<STATE> 2
<MEAN> 39
 -1.341867e+01 1.333373e+00 -1.226422e+00 -4.700942e+00 -1.862945e+00 -6.698333e+00 -7.854787e+00 -3.009752e+00 -9.450498e+00 -4.242656e+00 -2.024498e+00 -4.632024e+00 7.400199e+01 2.526000e-03 2.826530e-03 7.442953e-04 5.437038e-03 -2.207614e-03 2.258851e-03 2.691161e-04 -3.088929e-03 7.745285e-04 5.746543e-03 1.482202e-03 -1.028425e-03 -5.414352e-03 -5.392364e-04 -1.374308e-04 3.455956e-04 -1.198713e-03 1.186948e-04 2.986346e-04 -3.721186e-04 -1.532937e-04 4.511720e-04 -1.356196e-04 5.955482e-04 2.503759e-04 4.341028e-04
<VARIANCE> 39
 5.670036e+01 3.010590e+01 4.259943e+01 3.932115e+01 4.141257e+01 5.669725e+01 4.408941e+01 3.498913e+01 4.507037e+01 3.535806e+01 2.667121e+01 2.293597e+01 1.664741e+02 2.246976e+00 1.600909e+00 2.055861e+00 1.940810e+00 2.065593e+00 2.573136e+00 2.112528e+00 2.021224e+00 2.544116e+00 1.897349e+00 1.694854e+00 1.547968e+00 2.043503e+00 3.422596e-01 2.876619e-01 3.352505e-01 3.350492e-01 3.566527e-01 4.526472e-01 3.920183e-01 3.774573e-01 4.724333e-01 3.576777e-01 3.133848e-01 2.862132e-01 2.841266e-01
<GCONST> 1.159038e+02
<STATE> 3
<MEAN> 39
 -1.341867e+01 1.333373e+00 -1.226422e+00 -4.700942e+00 -1.862945e+00 -6.698333e+00 -7.854787e+00 -3.009752e+00 -9.450498e+00 -4.242656e+00 -2.024498e+00 -4.632024e+00 7.400199e+01 2.526000e-03 2.826530e-03 7.442953e-04 5.437038e-03 -2.207614e-03 2.258851e-03 2.691161e-04 -3.088929e-03 7.745285e-04 5.746543e-03 1.482202e-03 -1.028425e-03 -5.414352e-03 -5.392364e-04 -1.374308e-04 3.455956e-04 -1.198713e-03 1.186948e-04 2.986346e-04 -3.721186e-04 -1.532937e-04 4.511720e-04 -1.356196e-04 5.955482e-04 2.503759e-04 4.341028e-04
<VARIANCE> 39
 5.670036e+01 3.010590e+01 4.259943e+01 3.932115e+01 4.141257e+01 5.669725e+01 4.408941e+01 3.498913e+01 4.507037e+01 3.535806e+01 2.667121e+01 2.293597e+01 1.664741e+02 2.246976e+00 1.600909e+00 2.055861e+00 1.940810e+00 2.065593e+00 2.573136e+00 2.112528e+00 2.021224e+00 2.544116e+00 1.897349e+00 1.694854e+00 1.547968e+00 2.043503e+00 3.422596e-01 2.876619e-01 3.352505e-01 3.350492e-01 3.566527e-01 4.526472e-01 3.920183e-01 3.774573e-01 4.724333e-01 3.576777e-01 3.133848e-01 2.862132e-01 2.841266e-01
<GCONST> 1.159038e+02
<STATE> 4
<MEAN> 39
 -1.341867e+01 1.333373e+00 -1.226422e+00 -4.700942e+00 -1.862945e+00 -6.698333e+00 -7.854787e+00 -3.009752e+00 -9.450498e+00 -4.242656e+00 -2.024498e+00 -4.632024e+00 7.400199e+01 2.526000e-03 2.826530e-03 7.442953e-04 5.437038e-03 -2.207614e-03 2.258851e-03 2.691161e-04 -3.088929e-03 7.745285e-04 5.746543e-03 1.482202e-03 -1.028425e-03 -5.414352e-03 -5.392364e-04 -1.374308e-04 3.455956e-04 -1.198713e-03 1.186948e-04 2.986346e-04 -3.721186e-04 -1.532937e-04 4.511720e-04 -1.356196e-04 5.955482e-04 2.503759e-04 4.341028e-04
<VARIANCE> 39
 5.670036e+01 3.010590e+01 4.259943e+01 3.932115e+01 4.141257e+01 5.669725e+01 4.408941e+01 3.498913e+01 4.507037e+01 3.535806e+01 2.667121e+01 2.293597e+01 1.664741e+02 2.246976e+00 1.600909e+00 2.055861e+00 1.940810e+00 2.065593e+00 2.573136e+00 2.112528e+00 2.021224e+00 2.544116e+00 1.897349e+00 1.694854e+00 1.547968e+00 2.043503e+00 3.422596e-01 2.876619e-01 3.352505e-01 3.350492e-01 3.566527e-01 4.526472e-01 3.920183e-01 3.774573e-01 4.724333e-01 3.576777e-01 3.133848e-01 2.862132e-01 2.841266e-01
<GCONST> 1.159038e+02
<TRANSP> 5
 0.000000e+00 1.000000e+00 0.000000e+00 0.000000e+00 0.000000e+00
 0.000000e+00 6.000000e-01 4.000000e-01 0.000000e+00 0.000000e+00
 0.000000e+00 0.000000e+00 6.000000e-01 4.000000e-01 0.000000e+00
 0.000000e+00 0.000000e+00 0.000000e+00 7.000000e-01 3.000000e-01
 0.000000e+00 0.000000e+00 0.000000e+00 0.000000e+00 0.000000e+00
<ENDHMM>
~h "o"
<BEGINHMM>
<NUMSTATES> 5
<STATE> 2
<MEAN> 39
 -1.341867e+01 1.333373e+00 -1.226422e+00 -4.700942e+00 -1.862945e+00 -6.698333e+00 -7.854787e+00 -3.009752e+00 -9.450498e+00 -4.242656e+00 -2.024498e+00 -4.632024e+00 7.400199e+01 2.526000e-03 2.826530e-03 7.442953e-04 5.437038e-03 -2.207614e-03 2.258851e-03 2.691161e-04 -3.088929e-03 7.745285e-04 5.746543e-03 1.482202e-03 -1.028425e-03 -5.414352e-03 -5.392364e-04 -1.374308e-04 3.455956e-04 -1.198713e-03 1.186948e-04 2.986346e-04 -3.721186e-04 -1.532937e-04 4.511720e-04 -1.356196e-04 5.955482e-04 2.503759e-04 4.341028e-04
<VARIANCE> 39
 5.670036e+01 3.010590e+01 4.259943e+01 3.932115e+01 4.141257e+01 5.669725e+01 4.408941e+01 3.498913e+01 4.507037e+01 3.535806e+01 2.667121e+01 2.293597e+01 1.664741e+02 2.246976e+00 1.600909e+00 2.055861e+00 1.940810e+00 2.065593e+00 2.573136e+00 2.112528e+00 2.021224e+00 2.544116e+00 1.897349e+00 1.694854e+00 1.547968e+00 2.043503e+00 3.422596e-01 2.876619e-01 3.352505e-01 3.350492e-01 3.566527e-01 4.526472e-01 3.920183e-01 3.774573e-01 4.724333e-01 3.576777e-01 3.133848e-01 2.862132e-01 2.841266e-01
<GCONST> 1.159038e+02
<STATE> 3
<MEAN> 39
 -1.341867e+01 1.333373e+00 -1.226422e+00 -4.700942e+00 -1.862945e+00 -6.698333e+00 -7.854787e+00 -3.009752e+00 -9.450498e+00 -4.242656e+00 -2.024498e+00 -4.632024e+00 7.400199e+01 2.526000e-03 2.826530e-03 7.442953e-04 5.437038e-03 -2.207614e-03 2.258851e-03 2.691161e-04 -3.088929e-03 7.745285e-04 5.746543e-03 1.482202e-03 -1.028425e-03 -5.414352e-03 -5.392364e-04 -1.374308e-04 3.455956e-04 -1.198713e-03 1.186948e-04 2.986346e-04 -3.721186e-04 -1.532937e-04 4.511720e-04 -1.356196e-04 5.955482e-04 2.503759e-04 4.341028e-04
<VARIANCE> 39
 5.670036e+01 3.010590e+01 4.259943e+01 3.932115e+01 4.141257e+01 5.669725e+01 4.408941e+01 3.498913e+01 4.507037e+01 3.535806e+01 2.667121e+01 2.293597e+01 1.664741e+02 2.246976e+00 1.600909e+00 2.055861e+00 1.940810e+00 2.065593e+00 2.573136e+00 2.112528e+00 2.021224e+00 2.544116e+00 1.897349e+00 1.694854e+00 1.547968e+00 2.043503e+00 3.422596e-01 2.876619e-01 3.352505e-01 3.350492e-01 3.566527e-01 4.526472e-01 3.920183e-01 3.774573e-01 4.724333e-01 3.576777e-01 3.133848e-01 2.862132e-01 2.841266e-01
<GCONST> 1.159038e+02
<STATE> 4
<MEAN> 39
 -1.341867e+01 1.333373e+00 -1.226422e+00 -4.700942e+00 -1.862945e+00 -6.698333e+00 -7.854787e+00 -3.009752e+00 -9.450498e+00 -4.242656e+00 -2.024498e+00 -4.632024e+00 7.400199e+01 2.526000e-03 2.826530e-03 7.442953e-04 5.437038e-03 -2.207614e-03 2.258851e-03 2.691161e-04 -3.088929e-03 7.745285e-04 5.746543e-03 1.482202e-03 -1.028425e-03 -5.414352e-03 -5.392364e-04 -1.374308e-04 3.455956e-04 -1.198713e-03 1.186948e-04 2.986346e-04 -3.721186e-04 -1.532937e-04 4.511720e-04 -1.356196e-04 5.955482e-04 2.503759e-04 4.341028e-04
<VARIANCE> 39
 5.670036e+01 3.010590e+01 4.259943e+01 3.932115e+01 4.141257e+01 5.669725e+01 4.408941e+01 3.498913e+01 4.507037e+01 3.535806e+01 2.667121e+01 2.293597e+01 1.664741e+02 2.246976e+00 1.600909e+00 2.055861e+00 1.940810e+00 2.065593e+00 2.573136e+00 2.112528e+00 2.021224e+00 2.544116e+00 1.897349e+00 1.694854e+00 1.547968e+00 2.043503e+00 3.422596e-01 2.876619e-01 3.352505e-01 3.350492e-01 3.566527e-01 4.526472e-01 3.920183e-01 3.774573e-01 4.724333e-01 3.576777e-01 3.133848e-01 2.862132e-01 2.841266e-01
<GCONST> 1.159038e+02
<TRANSP> 5
 0.000000e+00 1.000000e+00 0.000000e+00 0.000000e+00 0.000000e+00
 0.000000e+00 6.000000e-01 4.000000e-01 0.000000e+00 0.000000e+00
 0.000000e+00 0.000000e+00 6.000000e-01 4.000000e-01 0.000000e+00
 0.000000e+00 0.000000e+00 0.000000e+00 7.000000e-01 3.000000e-01
 0.000000e+00 0.000000e+00 0.000000e+00 0.000000e+00 0.000000e+00
<ENDHMM>
~h "s"
<BEGINHMM>
<NUMSTATES> 5
<STATE> 2
<MEAN> 39
 -1.341867e+01 1.333373e+00 -1.226422e+00 -4.700942e+00 -1.862945e+00 -6.698333e+00 -7.854787e+00 -3.009752e+00 -9.450498e+00 -4.242656e+00 -2.024498e+00 -4.632024e+00 7.400199e+01 2.526000e-03 2.826530e-03 7.442953e-04 5.437038e-03 -2.207614e-03 2.258851e-03 2.691161e-04 -3.088929e-03 7.745285e-04 5.746543e-03 1.482202e-03 -1.028425e-03 -5.414352e-03 -5.392364e-04 -1.374308e-04 3.455956e-04 -1.198713e-03 1.186948e-04 2.986346e-04 -3.721186e-04 -1.532937e-04 4.511720e-04 -1.356196e-04 5.955482e-04 2.503759e-04 4.341028e-04
<VARIANCE> 39
 5.670036e+01 3.010590e+01 4.259943e+01 3.932115e+01 4.141257e+01 5.669725e+01 4.408941e+01 3.498913e+01 4.507037e+01 3.535806e+01 2.667121e+01 2.293597e+01 1.664741e+02 2.246976e+00 1.600909e+00 2.055861e+00 1.940810e+00 2.065593e+00 2.573136e+00 2.112528e+00 2.021224e+00 2.544116e+00 1.897349e+00 1.694854e+00 1.547968e+00 2.043503e+00 3.422596e-01 2.876619e-01 3.352505e-01 3.350492e-01 3.566527e-01 4.526472e-01 3.920183e-01 3.774573e-01 4.724333e-01 3.576777e-01 3.133848e-01 2.862132e-01 2.841266e-01
<GCONST> 1.159038e+02
<STATE> 3
<MEAN> 39
 -1.341867e+01 1.333373e+00 -1.226422e+00 -4.700942e+00 -1.862945e+00 -6.698333e+00 -7.854787e+00 -3.009752e+00 -9.450498e+00 -4.242656e+00 -2.024498e+00 -4.632024e+00 7.400199e+01 2.526000e-03 2.826530e-03 7.442953e-04 5.437038e-03 -2.207614e-03 2.258851e-03 2.691161e-04 -3.088929e-03 7.745285e-04 5.746543e-03 1.482202e-03 -1.028425e-03 -5.414352e-03 -5.392364e-04 -1.374308e-04 3.455956e-04 -1.198713e-03 1.186948e-04 2.986346e-04 -3.721186e-04 -1.532937e-04 4.511720e-04 -1.356196e-04 5.955482e-04 2.503759e-04 4.341028e-04
<VARIANCE> 39
 5.670036e+01 3.010590e+01 4.259943e+01 3.932115e+01 4.141257e+01 5.669725e+01 4.408941e+01 3.498913e+01 4.507037e+01 3.535806e+01 2.667121e+01 2.293597e+01 1.664741e+02 2.246976e+00 1.600909e+00 2.055861e+00 1.940810e+00 2.065593e+00 2.573136e+00 2.112528e+00 2.021224e+00 2.544116e+00 1.897349e+00 1.694854e+00 1.547968e+00 2.043503e+00 3.422596e-01 2.876619e-01 3.352505e-01 3.350492e-01 3.566527e-01 4.526472e-01 3.920183e-01 3.774573e-01 4.724333e-01 3.576777e-01 3.133848e-01 2.862132e-01 2.841266e-01
<GCONST> 1.159038e+02
<STATE> 4
<MEAN> 39
 -1.341867e+01 1.333373e+00 -1.226422e+00 -4.700942e+00 -1.862945e+00 -6.698333e+00 -7.854787e+00 -3.009752e+00 -9.450498e+00 -4.242656e+00 -2.024498e+00 -4.632024e+00 7.400199e+01 2.526000e-03 2.826530e-03 7.442953e-04 5.437038e-03 -2.207614e-03 2.258851e-03 2.691161e-04 -3.088929e-03 7.745285e-04 5.746543e-03 1.482202e-03 -1.028425e-03 -5.414352e-03 -5.392364e-04 -1.374308e-04 3.455956e-04 -1.198713e-03 1.186948e-04 2.986346e-04 -3.721186e-04 -1.532937e-04 4.511720e-04 -1.356196e-04 5.955482e-04 2.503759e-04 4.341028e-04
<VARIANCE> 39
 5.670036e+01 3.010590e+01 4.259943e+01 3.932115e+01 4.141257e+01 5.669725e+01 4.408941e+01 3.498913e+01 4.507037e+01 3.535806e+01 2.667121e+01 2.293597e+01 1.664741e+02 2.246976e+00 1.600909e+00 2.055861e+00 1.940810e+00 2.065593e+00 2.573136e+00 2.112528e+00 2.021224e+00 2.544116e+00 1.897349e+00 1.694854e+00 1.547968e+00 2.043503e+00 3.422596e-01 2.876619e-01 3.352505e-01 3.350492e-01 3.566527e-01 4.526472e-01 3.920183e-01 3.774573e-01 4.724333e-01 3.576777e-01 3.133848e-01 2.862132e-01 2.841266e-01
<GCONST> 1.159038e+02
<TRANSP> 5
 0.000000e+00 1.000000e+00 0.000000e+00 0.000000e+00 0.000000e+00
 0.000000e+00 6.000000e-01 4.000000e-01 0.000000e+00 0.000000e+00
 0.000000e+00 0.000000e+00 6.000000e-01 4.000000e-01 0.000000e+00
 0.000000e+00 0.000000e+00 0.000000e+00 7.000000e-01 3.000000e-01
 0.000000e+00 0.000000e+00 0.000000e+00 0.000000e+00 0.000000e+00
<ENDHMM>
~h "sil"
<BEGINHMM>
<NUMSTATES> 5
<STATE> 2
<MEAN> 39
 -1.341867e+01 1.333373e+00 -1.226422e+00 -4.700942e+00 -1.862945e+00 -6.698333e+00 -7.854787e+00 -3.009752e+00 -9.450498e+00 -4.242656e+00 -2.024498e+00 -4.632024e+00 7.400199e+01 2.526000e-03 2.826530e-03 7.442953e-04 5.437038e-03 -2.207614e-03 2.258851e-03 2.691161e-04 -3.088929e-03 7.745285e-04 5.746543e-03 1.482202e-03 -1.028425e-03 -5.414352e-03 -5.392364e-04 -1.374308e-04 3.455956e-04 -1.198713e-03 1.186948e-04 2.986346e-04 -3.721186e-04 -1.532937e-04 4.511720e-04 -1.356196e-04 5.955482e-04 2.503759e-04 4.341028e-04
<VARIANCE> 39
 5.670036e+01 3.010590e+01 4.259943e+01 3.932115e+01 4.141257e+01 5.669725e+01 4.408941e+01 3.498913e+01 4.507037e+01 3.535806e+01 2.667121e+01 2.293597e+01 1.664741e+02 2.246976e+00 1.600909e+00 2.055861e+00 1.940810e+00 2.065593e+00 2.573136e+00 2.112528e+00 2.021224e+00 2.544116e+00 1.897349e+00 1.694854e+00 1.547968e+00 2.043503e+00 3.422596e-01 2.876619e-01 3.352505e-01 3.350492e-01 3.566527e-01 4.526472e-01 3.920183e-01 3.774573e-01 4.724333e-01 3.576777e-01 3.133848e-01 2.862132e-01 2.841266e-01
<GCONST> 1.159038e+02
<STATE> 3
<MEAN> 39
 -1.341867e+01 1.333373e+00 -1.226422e+00 -4.700942e+00 -1.862945e+00 -6.698333e+00 -7.854787e+00 -3.009752e+00 -9.450498e+00 -4.242656e+00 -2.024498e+00 -4.632024e+00 7.400199e+01 2.526000e-03 2.826530e-03 7.442953e-04 5.437038e-03 -2.207614e-03 2.258851e-03 2.691161e-04 -3.088929e-03 7.745285e-04 5.746543e-03 1.482202e-03 -1.028425e-03 -5.414352e-03 -5.392364e-04 -1.374308e-04 3.455956e-04 -1.198713e-03 1.186948e-04 2.986346e-04 -3.721186e-04 -1.532937e-04 4.511720e-04 -1.356196e-04 5.955482e-04 2.503759e-04 4.341028e-04
<VARIANCE> 39
 5.670036e+01 3.010590e+01 4.259943e+01 3.932115e+01 4.141257e+01 5.669725e+01 4.408941e+01 3.498913e+01 4.507037e+01 3.535806e+01 2.667121e+01 2.293597e+01 1.664741e+02 2.246976e+00 1.600909e+00 2.055861e+00 1.940810e+00 2.065593e+00 2.573136e+00 2.112528e+00 2.021224e+00 2.544116e+00 1.897349e+00 1.694854e+00 1.547968e+00 2.043503e+00 3.422596e-01 2.876619e-01 3.352505e-01 3.350492e-01 3.566527e-01 4.526472e-01 3.920183e-01 3.774573e-01 4.724333e-01 3.576777e-01 3.133848e-01 2.862132e-01 2.841266e-01
<GCONST> 1.159038e+02
<STATE> 4
<MEAN> 39
 -1.341867e+01 1.333373e+00 -1.226422e+00 -4.700942e+00 -1.862945e+00 -6.698333e+00 -7.854787e+00 -3.009752e+00 -9.450498e+00 -4.242656e+00 -2.024498e+00 -4.632024e+00 7.400199e+01 2.526000e-03 2.826530e-03 7.442953e-04 5.437038e-03 -2.207614e-03 2.258851e-03 2.691161e-04 -3.088929e-03 7.745285e-04 5.746543e-03 1.482202e-03 -1.028425e-03 -5.414352e-03 -5.392364e-04 -1.374308e-04 3.455956e-04 -1.198713e-03 1.186948e-04 2.986346e-04 -3.721186e-04 -1.532937e-04 4.511720e-04 -1.356196e-04 5.955482e-04 2.503759e-04 4.341028e-04
<VARIANCE> 39
 5.670036e+01 3.010590e+01 4.259943e+01 3.932115e+01 4.141257e+01 5.669725e+01 4.408941e+01 3.498913e+01 4.507037e+01 3.535806e+01 2.667121e+01 2.293597e+01 1.664741e+02 2.246976e+00 1.600909e+00 2.055861e+00 1.940810e+00 2.065593e+00 2.573136e+00 2.112528e+00 2.021224e+00 2.544116e+00 1.897349e+00 1.694854e+00 1.547968e+00 2.043503e+00 3.422596e-01 2.876619e-01 3.352505e-01 3.350492e-01 3.566527e-01 4.526472e-01 3.920183e-01 3.774573e-01 4.724333e-01 3.576777e-01 3.133848e-01 2.862132e-01 2.841266e-01
<GCONST> 1.159038e+02
<TRANSP> 5
 0.000000e+00 1.000000e+00 0.000000e+00 0.000000e+00 0.000000e+00
 0.000000e+00 6.000000e-01 4.000000e-01 0.000000e+00 0.000000e+00
 0.000000e+00 0.000000e+00 6.000000e-01 4.000000e-01 0.000000e+00
 0.000000e+00 0.000000e+00 0.000000e+00 7.000000e-01 3.000000e-01
 0.000000e+00 0.000000e+00 0.000000e+00 0.000000e+00 0.000000e+00
<ENDHMM>
~h "ay"
<BEGINHMM>
<NUMSTATES> 5
<STATE> 2
<MEAN> 39
 -1.341867e+01 1.333373e+00 -1.226422e+00 -4.700942e+00 -1.862945e+00 -6.698333e+00 -7.854787e+00 -3.009752e+00 -9.450498e+00 -4.242656e+00 -2.024498e+00 -4.632024e+00 7.400199e+01 2.526000e-03 2.826530e-03 7.442953e-04 5.437038e-03 -2.207614e-03 2.258851e-03 2.691161e-04 -3.088929e-03 7.745285e-04 5.746543e-03 1.482202e-03 -1.028425e-03 -5.414352e-03 -5.392364e-04 -1.374308e-04 3.455956e-04 -1.198713e-03 1.186948e-04 2.986346e-04 -3.721186e-04 -1.532937e-04 4.511720e-04 -1.356196e-04 5.955482e-04 2.503759e-04 4.341028e-04
<VARIANCE> 39
 5.670036e+01 3.010590e+01 4.259943e+01 3.932115e+01 4.141257e+01 5.669725e+01 4.408941e+01 3.498913e+01 4.507037e+01 3.535806e+01 2.667121e+01 2.293597e+01 1.664741e+02 2.246976e+00 1.600909e+00 2.055861e+00 1.940810e+00 2.065593e+00 2.573136e+00 2.112528e+00 2.021224e+00 2.544116e+00 1.897349e+00 1.694854e+00 1.547968e+00 2.043503e+00 3.422596e-01 2.876619e-01 3.352505e-01 3.350492e-01 3.566527e-01 4.526472e-01 3.920183e-01 3.774573e-01 4.724333e-01 3.576777e-01 3.133848e-01 2.862132e-01 2.841266e-01
<GCONST> 1.159038e+02
<STATE> 3
<MEAN> 39
 -1.341867e+01 1.333373e+00 -1.226422e+00 -4.700942e+00 -1.862945e+00 -6.698333e+00 -7.854787e+00 -3.009752e+00 -9.450498e+00 -4.242656e+00 -2.024498e+00 -4.632024e+00 7.400199e+01 2.526000e-03 2.826530e-03 7.442953e-04 5.437038e-03 -2.207614e-03 2.258851e-03 2.691161e-04 -3.088929e-03 7.745285e-04 5.746543e-03 1.482202e-03 -1.028425e-03 -5.414352e-03 -5.392364e-04 -1.374308e-04 3.455956e-04 -1.198713e-03 1.186948e-04 2.986346e-04 -3.721186e-04 -1.532937e-04 4.511720e-04 -1.356196e-04 5.955482e-04 2.503759e-04 4.341028e-04
<VARIANCE> 39
 5.670036e+01 3.010590e+01 4.259943e+01 3.932115e+01 4.141257e+01 5.669725e+01 4.408941e+01 3.498913e+01 4.507037e+01 3.535806e+01 2.667121e+01 2.293597e+01 1.664741e+02 2.246976e+00 1.600909e+00 2.055861e+00 1.940810e+00 2.065593e+00 2.573136e+00 2.112528e+00 2.021224e+00 2.544116e+00 1.897349e+00 1.694854e+00 1.547968e+00 2.043503e+00 3.422596e-01 2.876619e-01 3.352505e-01 3.350492e-01 3.566527e-01 4.526472e-01 3.920183e-01 3.774573e-01 4.724333e-01 3.576777e-01 3.133848e-01 2.862132e-01 2.841266e-01
<GCONST> 1.159038e+02
<STATE> 4
<MEAN> 39
 -1.341867e+01 1.333373e+00 -1.226422e+00 -4.700942e+00 -1.862945e+00 -6.698333e+00 -7.854787e+00 -3.009752e+00 -9.450498e+00 -4.242656e+00 -2.024498e+00 -4.632024e+00 7.400199e+01 2.526000e-03 2.826530e-03 7.442953e-04 5.437038e-03 -2.207614e-03 2.258851e-03 2.691161e-04 -3.088929e-03 7.745285e-04 5.746543e-03 1.482202e-03 -1.028425e-03 -5.414352e-03 -5.392364e-04 -1.374308e-04 3.455956e-04 -1.198713e-03 1.186948e-04 2.986346e-04 -3.721186e-04 -1.532937e-04 4.511720e-04 -1.356196e-04 5.955482e-04 2.503759e-04 4.341028e-04
<VARIANCE> 39
 5.670036e+01 3.010590e+01 4.259943e+01 3.932115e+01 4.141257e+01 5.669725e+01 4.408941e+01 3.498913e+01 4.507037e+01 3.535806e+01 2.667121e+01 2.293597e+01 1.664741e+02 2.246976e+00 1.600909e+00 2.055861e+00 1.940810e+00 2.065593e+00 2.573136e+00 2.112528e+00 2.021224e+00 2.544116e+00 1.897349e+00 1.694854e+00 1.547968e+00 2.043503e+00 3.422596e-01 2.876619e-01 3.352505e-01 3.350492e-01 3.566527e-01 4.526472e-01 3.920183e-01 3.774573e-01 4.724333e-01 3.576777e-01 3.133848e-01 2.862132e-01 2.841266e-01
<GCONST> 1.159038e+02
<TRANSP> 5
 0.000000e+00 1.000000e+00 0.000000e+00 0.000000e+00 0.000000e+00
 0.000000e+00 6.000000e-01 4.000000e-01 0.000000e+00 0.000000e+00
 0.000000e+00 0.000000e+00 6.000000e-01 4.000000e-01 0.000000e+00
 0.000000e+00 0.000000e+00 0.000000e+00 7.000000e-01 3.000000e-01
 0.000000e+00 0.000000e+00 0.000000e+00 0.000000e+00 0.000000e+00
<ENDHMM>
~h "g"
<BEGINHMM>
<NUMSTATES> 5
<STATE> 2
<MEAN> 39
 -1.341867e+01 1.333373e+00 -1.226422e+00 -4.700942e+00 -1.862945e+00 -6.698333e+00 -7.854787e+00 -3.009752e+00 -9.450498e+00 -4.242656e+00 -2.024498e+00 -4.632024e+00 7.400199e+01 2.526000e-03 2.826530e-03 7.442953e-04 5.437038e-03 -2.207614e-03 2.258851e-03 2.691161e-04 -3.088929e-03 7.745285e-04 5.746543e-03 1.482202e-03 -1.028425e-03 -5.414352e-03 -5.392364e-04 -1.374308e-04 3.455956e-04 -1.198713e-03 1.186948e-04 2.986346e-04 -3.721186e-04 -1.532937e-04 4.511720e-04 -1.356196e-04 5.955482e-04 2.503759e-04 4.341028e-04
<VARIANCE> 39
 5.670036e+01 3.010590e+01 4.259943e+01 3.932115e+01 4.141257e+01 5.669725e+01 4.408941e+01 3.498913e+01 4.507037e+01 3.535806e+01 2.667121e+01 2.293597e+01 1.664741e+02 2.246976e+00 1.600909e+00 2.055861e+00 1.940810e+00 2.065593e+00 2.573136e+00 2.112528e+00 2.021224e+00 2.544116e+00 1.897349e+00 1.694854e+00 1.547968e+00 2.043503e+00 3.422596e-01 2.876619e-01 3.352505e-01 3.350492e-01 3.566527e-01 4.526472e-01 3.920183e-01 3.774573e-01 4.724333e-01 3.576777e-01 3.133848e-01 2.862132e-01 2.841266e-01
<GCONST> 1.159038e+02
<STATE> 3
<MEAN> 39
 -1.341867e+01 1.333373e+00 -1.226422e+00 -4.700942e+00 -1.862945e+00 -6.698333e+00 -7.854787e+00 -3.009752e+00 -9.450498e+00 -4.242656e+00 -2.024498e+00 -4.632024e+00 7.400199e+01 2.526000e-03 2.826530e-03 7.442953e-04 5.437038e-03 -2.207614e-03 2.258851e-03 2.691161e-04 -3.088929e-03 7.745285e-04 5.746543e-03 1.482202e-03 -1.028425e-03 -5.414352e-03 -5.392364e-04 -1.374308e-04 3.455956e-04 -1.198713e-03 1.186948e-04 2.986346e-04 -3.721186e-04 -1.532937e-04 4.511720e-04 -1.356196e-04 5.955482e-04 2.503759e-04 4.341028e-04
<VARIANCE> 39
 5.670036e+01 3.010590e+01 4.259943e+01 3.932115e+01 4.141257e+01 5.669725e+01 4.408941e+01 3.498913e+01 4.507037e+01 3.535806e+01 2.667121e+01 2.293597e+01 1.664741e+02 2.246976e+00 1.600909e+00 2.055861e+00 1.940810e+00 2.065593e+00 2.573136e+00 2.112528e+00 2.021224e+00 2.544116e+00 1.897349e+00 1.694854e+00 1.547968e+00 2.043503e+00 3.422596e-01 2.876619e-01 3.352505e-01 3.350492e-01 3.566527e-01 4.526472e-01 3.920183e-01 3.774573e-01 4.724333e-01 3.576777e-01 3.133848e-01 2.862132e-01 2.841266e-01
<GCONST> 1.159038e+02
<STATE> 4
<MEAN> 39
 -1.341867e+01 1.333373e+00 -1.226422e+00 -4.700942e+00 -1.862945e+00 -6.698333e+00 -7.854787e+00 -3.009752e+00 -9.450498e+00 -4.242656e+00 -2.024498e+00 -4.632024e+00 7.400199e+01 2.526000e-03 2.826530e-03 7.442953e-04 5.437038e-03 -2.207614e-03 2.258851e-03 2.691161e-04 -3.088929e-03 7.745285e-04 5.746543e-03 1.482202e-03 -1.028425e-03 -5.414352e-03 -5.392364e-04 -1.374308e-04 3.455956e-04 -1.198713e-03 1.186948e-04 2.986346e-04 -3.721186e-04 -1.532937e-04 4.511720e-04 -1.356196e-04 5.955482e-04 2.503759e-04 4.341028e-04
<VARIANCE> 39
 5.670036e+01 3.010590e+01 4.259943e+01 3.932115e+01 4.141257e+01 5.669725e+01 4.408941e+01 3.498913e+01 4.507037e+01 3.535806e+01 2.667121e+01 2.293597e+01 1.664741e+02 2.246976e+00 1.600909e+00 2.055861e+00 1.940810e+00 2.065593e+00 2.573136e+00 2.112528e+00 2.021224e+00 2.544116e+00 1.897349e+00 1.694854e+00 1.547968e+00 2.043503e+00 3.422596e-01 2.876619e-01 3.352505e-01 3.350492e-01 3.566527e-01 4.526472e-01 3.920183e-01 3.774573e-01 4.724333e-01 3.576777e-01 3.133848e-01 2.862132e-01 2.841266e-01
<GCONST> 1.159038e+02
<TRANSP> 5
 0.000000e+00 1.000000e+00 0.000000e+00 0.000000e+00 0.000000e+00
 0.000000e+00 6.000000e-01 4.000000e-01 0.000000e+00 0.000000e+00
 0.000000e+00 0.000000e+00 6.000000e-01 4.000000e-01 0.000000e+00
 0.000000e+00 0.000000e+00 0.000000e+00 7.000000e-01 3.000000e-01
 0.000000e+00 0.000000e+00 0.000000e+00 0.000000e+00 0.000000e+00
<ENDHMM>
~h "j"
<BEGINHMM>
<NUMSTATES> 5
<STATE> 2
<MEAN> 39
 -1.341867e+01 1.333373e+00 -1.226422e+00 -4.700942e+00 -1.862945e+00 -6.698333e+00 -7.854787e+00 -3.009752e+00 -9.450498e+00 -4.242656e+00 -2.024498e+00 -4.632024e+00 7.400199e+01 2.526000e-03 2.826530e-03 7.442953e-04 5.437038e-03 -2.207614e-03 2.258851e-03 2.691161e-04 -3.088929e-03 7.745285e-04 5.746543e-03 1.482202e-03 -1.028425e-03 -5.414352e-03 -5.392364e-04 -1.374308e-04 3.455956e-04 -1.198713e-03 1.186948e-04 2.986346e-04 -3.721186e-04 -1.532937e-04 4.511720e-04 -1.356196e-04 5.955482e-04 2.503759e-04 4.341028e-04
<VARIANCE> 39
 5.670036e+01 3.010590e+01 4.259943e+01 3.932115e+01 4.141257e+01 5.669725e+01 4.408941e+01 3.498913e+01 4.507037e+01 3.535806e+01 2.667121e+01 2.293597e+01 1.664741e+02 2.246976e+00 1.600909e+00 2.055861e+00 1.940810e+00 2.065593e+00 2.573136e+00 2.112528e+00 2.021224e+00 2.544116e+00 1.897349e+00 1.694854e+00 1.547968e+00 2.043503e+00 3.422596e-01 2.876619e-01 3.352505e-01 3.350492e-01 3.566527e-01 4.526472e-01 3.920183e-01 3.774573e-01 4.724333e-01 3.576777e-01 3.133848e-01 2.862132e-01 2.841266e-01
<GCONST> 1.159038e+02
<STATE> 3
<MEAN> 39
 -1.341867e+01 1.333373e+00 -1.226422e+00 -4.700942e+00 -1.862945e+00 -6.698333e+00 -7.854787e+00 -3.009752e+00 -9.450498e+00 -4.242656e+00 -2.024498e+00 -4.632024e+00 7.400199e+01 2.526000e-03 2.826530e-03 7.442953e-04 5.437038e-03 -2.207614e-03 2.258851e-03 2.691161e-04 -3.088929e-03 7.745285e-04 5.746543e-03 1.482202e-03 -1.028425e-03 -5.414352e-03 -5.392364e-04 -1.374308e-04 3.455956e-04 -1.198713e-03 1.186948e-04 2.986346e-04 -3.721186e-04 -1.532937e-04 4.511720e-04 -1.356196e-04 5.955482e-04 2.503759e-04 4.341028e-04
<VARIANCE> 39
 5.670036e+01 3.010590e+01 4.259943e+01 3.932115e+01 4.141257e+01 5.669725e+01 4.408941e+01 3.498913e+01 4.507037e+01 3.535806e+01 2.667121e+01 2.293597e+01 1.664741e+02 2.246976e+00 1.600909e+00 2.055861e+00 1.940810e+00 2.065593e+00 2.573136e+00 2.112528e+00 2.021224e+00 2.544116e+00 1.897349e+00 1.694854e+00 1.547968e+00 2.043503e+00 3.422596e-01 2.876619e-01 3.352505e-01 3.350492e-01 3.566527e-01 4.526472e-01 3.920183e-01 3.774573e-01 4.724333e-01 3.576777e-01 3.133848e-01 2.862132e-01 2.841266e-01
<GCONST> 1.159038e+02
<STATE> 4
<MEAN> 39
 -1.341867e+01 1.333373e+00 -1.226422e+00 -4.700942e+00 -1.862945e+00 -6.698333e+00 -7.854787e+00 -3.009752e+00 -9.450498e+00 -4.242656e+00 -2.024498e+00 -4.632024e+00 7.400199e+01 2.526000e-03 2.826530e-03 7.442953e-04 5.437038e-03 -2.207614e-03 2.258851e-03 2.691161e-04 -3.088929e-03 7.745285e-04 5.746543e-03 1.482202e-03 -1.028425e-03 -5.414352e-03 -5.392364e-04 -1.374308e-04 3.455956e-04 -1.198713e-03 1.186948e-04 2.986346e-04 -3.721186e-04 -1.532937e-04 4.511720e-04 -1.356196e-04 5.955482e-04 2.503759e-04 4.341028e-04
<VARIANCE> 39
 5.670036e+01 3.010590e+01 4.259943e+01 3.932115e+01 4.141257e+01 5.669725e+01 4.408941e+01 3.498913e+01 4.507037e+01 3.535806e+01 2.667121e+01 2.293597e+01 1.664741e+02 2.246976e+00 1.600909e+00 2.055861e+00 1.940810e+00 2.065593e+00 2.573136e+00 2.112528e+00 2.021224e+00 2.544116e+00 1.897349e+00 1.694854e+00 1.547968e+00 2.043503e+00 3.422596e-01 2.876619e-01 3.352505e-01 3.350492e-01 3.566527e-01 4.526472e-01 3.920183e-01 3.774573e-01 4.724333e-01 3.576777e-01 3.133848e-01 2.862132e-01 2.841266e-01
<GCONST> 1.159038e+02
<TRANSP> 5
 0.000000e+00 1.000000e+00 0.000000e+00 0.000000e+00 0.000000e+00
 0.000000e+00 6.000000e-01 4.000000e-01 0.000000e+00 0.000000e+00
 0.000000e+00 0.000000e+00 6.000000e-01 4.000000e-01 0.000000e+00
 0.000000e+00 0.000000e+00 0.000000e+00 7.000000e-01 3.000000e-01
 0.000000e+00 0.000000e+00 0.000000e+00 0.000000e+00 0.000000e+00
<ENDHMM>
